,year,country,education,gdp_per_capita,gini_index,greenhousepc,pop_density,productivity_per_hour,remuneration_per_capita,unemployment,inflation,divorce_p_100_marriges,CO2_emissions,depression_rate,ageGroup_0-24,ageGroup_25-64,ageGroup_65_more
0,1,Austria,21.0,25743.7,24.0,10.0,95.4,30.5,12455.8,4.7,2.0,49.8,8.222999999999999,3.97616846266,0.28960639036033775,0.556136396288017,0.1542572133516452
1,1,Belgium,25.7,24524.2,30.0,14.6,335.4,38.4,12206.1,6.6,2.7,59.8,12.305,4.25064319419,0.29735802026913394,0.5346220149499787,0.16801996478088727
2,1,Bulgaria,19.2,5588.5,25.0,7.3,73.8,8.6,1995.0,16.2,10.3,30.1,5.647,3.4376724057700003,0.301726499337713,0.5357326539189985,0.16254084674328845
3,1,Croatia,21.65,9486.8,25.51661906681642,5.9,101.1,13.9,4814.4,7.75,4.5,20.1,4.4689999999999985,3.61952689773,0.28141302055836737,0.5507162981687154,0.16787068127291724
4,1,Cyprus,22.4,18656.3,29.297638380322073,11.9,74.6,21.4,7412.4,5.0,4.9,12.7,7.527,3.55962617487,0.381831175867117,0.5056669509988128,0.11250187313407028
5,1,Czech Republic,21.5,14186.8,27.337189339724564,14.5,130.3,15.8,5456.7,8.8,3.9,53.7,12.225,3.404745466,0.31668773593221844,0.5453939634116374,0.13791830065614413
6,1,Denmark,23.6,25114.6,26.60154998267152,13.1,123.7,33.2,12535.0,4.5,2.8,37.5,10.29,4.00803873876,0.2998280026773451,0.552001472764531,0.14817052455812382
7,1,Estonia,25.4,8255.2,36.0,12.4,32.1,10.0,3731.2,13.4,3.9,77.1,10.978,5.4461545232400015,0.31960973095630946,0.5304638202987147,0.1499264487449758
8,1,Finland,24.7,23441.6,24.0,13.5,15.3,30.3,10933.8,11.1,3.0,53.2,10.993,5.93979309757,0.3089725880518758,0.5418479930296491,0.1491794189184751
9,1,France,23.6,22921.1,28.0,9.1,95.7,34.9,11649.9,10.2,1.8,38.2,6.957000000000002,4.84706718264,0.3208064767797714,0.5204972350313157,0.1586962881889128
10,1,Germany,20.5,23919.5,25.0,12.7,230.1,33.9,12663.7,7.9,1.4,46.4,11.036,4.3644530911300015,0.26815249514702977,0.5673616156025261,0.1644858892504441
11,1,Greece,18.8,17103.0,33.0,11.7,81.7,20.3,5265.0,11.2,2.9,23.1,9.242,4.8359327079800005,0.2888140073547478,0.5358061575954193,0.17537983504983293
12,1,Hungary,22.3,10407.9,26.0,7.2,109.9,12.3,4585.8,6.6,10.0,49.9,5.727,3.62279582432,0.3147546272034996,0.5346203540054411,0.15062501879105938
13,1,Ireland,26.0,26442.6,30.0,18.0,54.1,30.7,10158.9,4.3,5.3,13.7,11.741,4.629183637980001,0.3858760766587608,0.50210200582102,0.11202191752021917
14,1,Italy,18.7,23682.0,29.0,9.7,188.9,31.6,8752.2,10.8,2.6,13.2,8.138,4.0810016408099985,0.25977895796274497,0.5575117957518609,0.18270924628539406
15,1,Latvia,23.5,7026.8,34.0,4.4,36.9,9.1,2903.8,14.2,2.6,66.6,2.965,4.62679113479,0.32038718490119117,0.5299982978191389,0.14961451727967
16,1,Lithuania,24.6,7410.8,31.0,5.6,53.8,10.0,2895.4,15.9,1.1,64.4,3.373,5.1120850208899995,0.34175111114667134,0.5200457889012778,0.13820309995205082
17,1,Luxembourg,18.8,48498.3,26.0,22.2,167.7,50.0,22442.6,2.3,3.8,48.0,19.881,4.32607054106,0.3032463752171661,0.5559749898006426,0.14077863498219123
18,1,Malta,22.5,16022.1,30.0,7.2,1231.8,19.0,6955.9,6.3,3.0,45.2,6.101,3.73560409351,0.35203948067567115,0.5257964433178075,0.12216407600652136
19,1,Netherlands,22.4,27930.1,29.0,13.8,382.0,37.0,14007.5,2.7,2.3,39.3,10.778,4.613271887240001,0.30453145813692417,0.5596191118227016,0.1358494300403742
20,1,Poland,26.1,9334.4,30.0,10.2,122.4,11.8,3848.0,16.3,10.1,20.3,8.226,2.6555395964,0.3628392600571427,0.5147067210718209,0.12245401887103642
21,1,Portugal,22.0,16549.3,36.0,8.1,111.2,17.6,7964.4,3.8,2.8,30.0,6.343,5.332069096790001,0.3086958085112586,0.5294460587566449,0.1618581327320965
22,1,Romania,20.4,5150.5,29.0,6.3,94.2,5.8,2019.9,7.0,45.7,22.6,4.2010000000000005,2.7529300383499997,0.34397474879999185,0.522832692442307,0.13319255875770114
23,1,Slovakia,23.9,9951.0,28.811014431896403,9.2,110.1,14.6,3998.4,19.1,12.2,35.8,7.644,2.85563801442,0.3658472947476776,0.5199593744044273,0.11419333084789507
24,1,Slovenia,22.5,15816.3,22.0,9.6,98.0,20.1,7979.7,6.9,9.0,29.5,7.76,3.96389934517,0.30528621714120224,0.5547368002948323,0.1399769825639654
25,1,Spain,21.9,18868.6,32.0,9.5,80.0,26.2,9146.4,13.8,3.5,17.4,7.626,3.98566953435,0.29383895356583345,0.5395471267713989,0.16661391966276756
26,1,Sweden,27.4,25656.4,25.74533191562263,7.7,20.1,32.2,11546.1,5.5,1.3,53.9,6.162000000000001,5.12345488194,0.299864744688693,0.5274907547359083,0.17264450057539862
27,1,United Kingdom,27.4,23005.5,32.0,12.1,236.5,29.0,11365.5,5.6,0.8,50.5,9.509,4.722762529090001,0.3117016875863034,0.5301040468403165,0.15819426557338
28,2,Austria,21.0,25792.6,24.0,10.5,101.1,30.7,12349.6,4.0,2.3,60.2,8.701,3.95867215602,0.28740689069475817,0.5579583937172163,0.15463471558802555
29,2,Belgium,26.3,25135.8,28.0,14.4,336.2,39.1,12829.9,6.2,2.4,69.6,12.196,4.29104336688,0.29646419589190603,0.5345714329877274,0.16896437112036655
30,2,Bulgaria,19.0,5996.9,26.0,7.8,73.4,9.0,2154.4,19.9,7.4,32.1,6.1610000000000005,3.4409523088500005,0.2934262388090413,0.5399985316782917,0.166575229512667
31,2,Croatia,21.65,10126.3,28.63157248725996,6.3,101.1,14.6,4864.6,7.75,4.3,21.2,4.75,3.6102941148500003,0.29862447893582217,0.5383830651293597,0.1629924559348181
32,2,Cyprus,22.4,19852.4,24.646994777317815,11.7,75.4,22.2,7800.4,4.0,2.0,11.3,7.257999999999999,3.5792138489699994,0.37542228164653496,0.5098553765540678,0.11472234179939733
33,2,Czech Republic,21.7,15237.3,25.0,14.6,129.7,17.7,5864.2,8.0,4.5,60.3,12.218,3.40608408575,0.30832600457784165,0.5534164235575321,0.13825757186462626
34,2,Denmark,23.9,25562.3,22.0,13.4,124.1,33.5,12988.8,4.2,2.3,39.9,10.543,3.95875274876,0.29889112903225806,0.553078272981333,0.14803059798640886
35,2,Estonia,25.8,8942.8,35.0,12.8,31.9,10.7,3982.8,13.1,5.6,76.4,11.288,5.45075836831,0.3155430205710622,0.5316094127647926,0.15284756666414526
36,2,Finland,25.2,24104.8,27.0,14.5,15.3,31.1,11209.9,10.3,2.7,54.6,12.022,5.89614048161,0.306644358819663,0.5425685378401353,0.15078710334020173
37,2,France,23.4,23931.9,27.0,9.1,96.4,36.7,12220.0,8.6,1.8,39.0,6.936,4.82504580187,0.3200466712701353,0.5201405837294295,0.1598127450004352
38,2,Germany,20.5,24716.9,25.0,12.9,230.4,35.5,12900.5,7.8,1.9,50.7,11.23,4.385929218959999,0.2674411599660556,0.5640114046488469,0.16854743538509756
39,2,Greece,18.9,18196.3,33.0,11.7,82.1,21.7,5608.1,10.5,3.6,19.1,9.421,4.8851821736000005,0.2910815030528534,0.5328772903075298,0.17604120663961673
40,2,Hungary,22.4,11484.4,25.0,7.4,109.6,13.9,5123.5,5.7,9.1,56.0,5.902,3.6082787206699996,0.3076857537062791,0.5403204844803121,0.1519937618134088
41,2,Ireland,25.5,28250.0,29.0,18.2,54.9,32.5,10789.7,3.7,4.0,14.7,12.166,4.65783573783,0.3795110653934582,0.5088836888938435,0.11160524571269835
42,2,Italy,18.8,24245.5,29.0,9.9,189.0,32.0,9013.8,9.6,2.3,15.2,8.217,4.07649944965,0.2555505351457849,0.5587561618567707,0.1856933029974444
43,2,Latvia,24.1,7842.5,26.656705510928578,4.7,36.4,9.8,3145.4,13.8,2.5,62.0,3.1710000000000003,4.61500221627,0.3166142671570599,0.5308389797584431,0.152546753084497
44,2,Lithuania,25.2,8204.0,31.0,5.8,53.4,11.6,3101.0,16.8,1.5,69.9,3.6010000000000004,5.14297887495,0.3372268439313153,0.5208656864174382,0.14190746965124648
45,2,Luxembourg,19.0,48516.8,27.0,23.0,169.8,48.4,23813.4,1.8,2.4,51.8,20.832,4.29925723701,0.3040244424463283,0.5568425034029629,0.13913305415070878
46,2,Malta,22.3,15987.9,27.765092687064417,6.9,1240.2,19.5,7248.8,7.1,2.5,45.2,6.5139999999999985,3.75006170696,0.34472940996870466,0.5306490598682034,0.12462153016309188
47,2,Netherlands,22.4,28812.4,27.0,13.7,385.0,38.0,14294.4,2.1,5.1,46.6,11.041,4.5893661606,0.30479950338339074,0.5589308135063414,0.1362696831102678
48,2,Poland,26.2,9636.5,30.0,10.2,122.3,12.5,4055.7,18.4,5.3,23.2,8.139,2.6707320129700003,0.3564608396793167,0.5188708828715524,0.12466827744913091
49,2,Portugal,21.6,16961.2,37.0,8.0,112.4,18.0,8167.2,3.8,4.4,32.3,6.285,5.3644199421200005,0.30265722629081176,0.5327842884539131,0.16455848525527508
50,2,Romania,20.6,5705.7,30.0,6.7,94.1,6.4,2343.7,6.6,34.5,24.0,4.48,2.77154223967,0.33656116755258714,0.5265255408115256,0.13691329163588728
51,2,Slovakia,23.6,10738.3,25.2275373282811,9.7,109.7,15.8,4210.3,19.4,7.2,41.3,8.068999999999999,2.87037784293,0.3596671269865704,0.5261629398602085,0.11416993315322109
52,2,Slovenia,23.0,16453.1,22.0,10.0,98.2,21.0,8371.6,5.7,8.6,32.8,8.228,3.95818248975,0.29926192019220293,0.5576817175779256,0.14305636222987148
53,2,Spain,21.5,19886.5,33.0,9.4,80.4,26.7,9604.1,10.3,2.8,19.0,7.582000000000002,3.97542320137,0.28634927142597066,0.5446536611514796,0.1689970674225497
54,2,Sweden,27.4,25722.1,24.0,7.8,20.1,32.2,11879.8,4.7,2.7,58.8,6.259,5.12570927956,0.2985101890622047,0.5293357288774085,0.17215408206038674
55,2,United Kingdom,27.4,23880.6,35.0,12.1,237.4,30.0,12148.0,4.7,1.2,54.8,9.636,4.7089061474900005,0.31090840739567666,0.530585562251484,0.1585060303528394
56,3,Austria,20.3,26775.9,28.01984708268535,10.7,96.1,32.1,12702.5,4.8,1.7,54.5,8.876,3.94152281869,0.2862055209888495,0.5591476718884211,0.1546468071227294
57,3,Belgium,26.5,26178.5,23.969685752931564,14.3,337.7,41.1,13410.9,6.9,1.5,75.7,12.174,4.3353857502,0.2953927430607776,0.5348183926387327,0.16978886430048973
58,3,Bulgaria,18.8,6635.4,26.0,7.6,70.9,9.8,2306.0,18.1,5.8,34.9,5.862,3.4338570685,0.2846021302098898,0.5447422166340316,0.1706556531560787
59,3,Croatia,21.65,10874.8,28.26840988907477,6.5,101.1,15.5,5330.0,15.1,2.5,19.7,5.012,3.60372342954,0.2957288351013719,0.5377292271729779,0.1665419377256502
60,3,Cyprus,22.3,20230.0,23.631191443051872,11.9,76.3,22.7,8240.9,3.3,2.8,12.8,7.329,3.5983140454900004,0.3682947451488804,0.5144878316869355,0.11721742316418415
61,3,Czech Republic,21.8,15620.7,25.24542473725802,14.2,129.4,18.0,6180.0,7.0,1.4,60.2,11.952,3.40682788811,0.30008256417111173,0.561048403159504,0.13886903266938427
62,3,Denmark,24.1,26313.7,27.37207915095032,13.2,124.6,34.7,13474.3,4.3,2.4,41.1,10.445,3.9152534105800014,0.2987317736288752,0.5531138501912133,0.14815437617991148
63,3,Estonia,25.7,9953.9,35.0,12.4,31.7,11.8,4406.6,10.0,3.6,69.6,11.014,5.436062850569999,0.31144379599086525,0.5321310762315583,0.1564251277775764
64,3,Finland,25.4,24533.3,26.0,15.0,15.4,31.6,11462.7,10.4,2.0,49.4,12.476,5.83234742387,0.30417726881076584,0.5433464491301867,0.15247628205904742
65,3,France,23.1,24560.2,27.0,8.9,97.1,38.6,12649.2,8.7,1.9,41.5,6.8370000000000015,4.780859080330001,0.3192813504314057,0.5198879489840255,0.16083070058456886
66,3,Germany,20.4,25185.7,25.771397675840344,12.6,230.9,36.6,13050.1,8.5,1.4,53.3,11.018,4.43113195069,0.26636216036718624,0.5608589469251567,0.1727788927076571
67,3,Greece,19.4,19422.4,25.67461976766129,11.7,82.5,22.8,6422.0,10.0,3.9,19.1,9.362,4.9338818499,0.293680604629012,0.530088633083178,0.17623076228781004
68,3,Hungary,22.5,12495.0,24.0,7.3,109.4,15.0,5494.0,5.6,5.2,55.4,5.818,3.59637150725,0.30138125223455814,0.5454895001362391,0.15312924762920274
69,3,Ireland,21.65,30239.9,28.84110855374068,17.4,55.9,35.2,11102.7,4.2,4.7,12.6,11.576,4.68779161738,0.3739059179048355,0.5148408588209054,0.11125322327425916
70,3,Italy,18.9,24597.1,24.360286937874246,9.8,189.1,32.2,9235.7,9.2,2.6,15.5,8.21,4.06241495692,0.2518434731314734,0.5596753879829914,0.18848113888553514
71,3,Latvia,24.3,8648.1,23.981704406933478,4.8,35.9,10.8,3301.4,13.8,2.0,61.1,3.22,4.5923453084900006,0.31320065068691794,0.5305076587304679,0.15629169058261413
72,3,Lithuania,25.7,9012.5,25.216966130528487,6.0,52.9,12.3,3444.6,13.0,0.3,65.5,3.664,5.160297850819999,0.3319664322633186,0.5209853537600768,0.14704821397660459
73,3,Luxembourg,19.4,50472.6,28.783470487983102,24.5,171.7,49.6,25134.3,2.6,2.1,54.0,22.401,4.27382380779,0.3029963445000527,0.557135396938883,0.13986825856106433
74,3,Malta,21.9,16819.3,27.32024754243197,6.8,1250.4,20.1,7457.9,6.9,2.6,45.2,6.504,3.76589600326,0.33802813344445287,0.5348384978659999,0.1271333686895472
75,3,Netherlands,22.3,29582.9,27.0,13.5,387.8,39.5,14820.5,2.6,3.9,39.5,10.932,4.566088422,0.3050610783500826,0.5581133858404241,0.13682553580949325
76,3,Poland,26.2,10117.5,25.51661906681642,9.9,122.3,13.5,4065.1,19.9,1.9,23.7,7.944,2.67906929078,0.3496541296427591,0.523502404436892,0.12684346592034892
77,3,Portugal,21.2,17491.6,29.297638380322073,8.3,113.1,18.7,8391.6,4.5,3.7,49.1,6.626,5.42103009753,0.29675472223971056,0.5366535017743429,0.16659177598594652
78,3,Romania,21.0,6165.4,30.0,6.7,91.6,7.5,2430.7,8.1,22.5,24.6,4.511,2.78862354638,0.3314781373165033,0.5282494216193296,0.14027244106416706
79,3,Slovakia,23.5,11417.2,26.60154998267152,9.3,109.7,17.2,4468.0,18.7,3.5,43.7,7.729,2.88418713166,0.35256505869351823,0.5331208570566686,0.11431408424981318
80,3,Slovenia,23.1,17437.8,22.0,10.1,98.4,21.6,8723.1,5.9,7.5,34.8,8.304,3.94801082167,0.2930272831056524,0.5607719308448954,0.14620078604945222
81,3,Spain,20.9,20922.8,31.0,9.7,81.1,27.8,10071.7,11.1,3.6,19.9,7.9529999999999985,3.95499218737,0.2800141486345192,0.5501468445793497,0.16983900678613115
82,3,Sweden,27.3,26268.5,23.0,7.8,20.2,33.5,12104.1,5.0,1.9,56.1,6.349,5.12622366499,0.29782344098163366,0.5304189072465206,0.17175765177184568
83,3,United Kingdom,29.6,24803.6,35.0,11.7,238.4,31.3,12435.0,5.0,1.3,54.9,9.332,4.672426681349999,0.3107957639757037,0.5303618981965128,0.15884233782778348
84,4,Austria,20.3,27235.6,27.4,11.3,96.6,32.8,12919.8,4.8,1.3,51.3,9.523,3.92595828759,0.2857484458080807,0.5596371473324318,0.15461440685948755
85,4,Belgium,26.7,26343.2,28.3,14.3,339.2,41.7,13381.2,7.7,1.5,75.1,12.253,4.38140986867,0.29426188074846754,0.5350333240652709,0.17070479518626155
86,4,Bulgaria,19.0,7076.9,23.645731563711845,8.3,70.3,10.1,2469.6,13.7,2.3,39.2,6.4510000000000005,3.4215699981200003,0.27886698527277376,0.5491169696142683,0.17201604511295795
87,4,Croatia,18.9,11481.6,26.48382365878678,6.8,101.1,16.0,5636.9,13.9,2.4,22.1,5.322,3.5972465640800007,0.2925288458903171,0.5379454860403032,0.16952566806937971
88,4,Cyprus,22.6,20572.1,24.899079191224978,12.3,77.2,22.7,8592.0,4.1,4.0,26.5,7.599,3.61658452046,0.3644300216620168,0.517087377559487,0.11848260077849614
89,4,Czech Republic,21.7,16477.9,23.789069010532103,14.6,129.2,19.2,6558.5,7.5,-0.1,79.3,12.314,3.4062178657,0.2924987247400432,0.5681820678830685,0.13931920737688835
90,4,Denmark,24.5,26114.0,24.8,14.1,124.9,35.0,13470.3,5.4,2.0,45.0,11.376,3.87651055859,0.29860766244788356,0.5527133932836479,0.1486789442684686
91,4,Estonia,25.6,11081.9,27.159028517352645,13.9,31.5,12.8,4915.2,11.3,1.4,69.7,12.448,5.40698904449,0.30760111474261703,0.5322166452667212,0.16018223999066183
92,4,Finland,25.5,24586.0,28.797507867722853,16.4,15.4,31.8,11511.7,10.5,1.3,52.2,13.897,5.76531001774,0.3019484885426188,0.5434615093185038,0.1545900021388774
93,4,France,23.1,23934.6,25.298478633844198,8.9,97.8,37.8,12354.6,8.3,2.2,45.2,6.916,4.726836136269999,0.3184492757083062,0.5199483341695371,0.16160239012215663
94,4,Germany,20.4,25438.5,27.532755852419953,12.5,231.2,37.6,13133.8,9.8,1.0,55.9,11.022,4.48099439583,0.26482257162387407,0.557682388957486,0.17749503941863987
95,4,Greece,19.2,20247.5,34.7,12.0,82.7,23.5,6729.5,9.4,3.4,19.7,9.702,4.9790116516800005,0.28862532097384797,0.5323288071609344,0.17904587186521756
96,4,Hungary,22.7,13120.7,28.811014431896403,7.6,109.0,15.9,5955.2,5.8,4.7,55.2,6.106,3.58839118203,0.29553798716113266,0.5501444584825749,0.1543175543562925
97,4,Ireland,21.65,30738.1,30.6,17.2,56.8,36.0,11476.2,4.5,4.0,13.3,11.268,4.7121473393599995,0.36898558296438755,0.5198960496151404,0.1111183674204721
98,4,Italy,19.0,24667.7,26.63530050262772,10.1,189.6,32.1,9336.4,8.9,2.8,16.6,8.397,4.04173368264,0.24863927955171936,0.5603757982126457,0.19098492223563487
99,4,Latvia,24.7,9353.1,25.74533191562263,4.9,35.6,11.6,3584.8,12.1,2.9,48.3,3.344,4.56136811348,0.3100980481713599,0.5295103885256585,0.16039156330298165
100,4,Lithuania,26.3,10236.2,28.43396608025439,6.1,52.5,13.7,3956.7,12.9,-1.1,62.4,3.693,5.17341512768,0.32665361526393366,0.5216229495428397,0.15172343519322654
101,4,Luxembourg,19.4,50927.5,27.6,25.2,173.4,49.8,25087.8,3.7,2.5,51.3,23.272,4.24882468333,0.30275755482339606,0.5571637970737238,0.14007864810288023
102,4,Malta,22.1,17627.5,28.480710334636964,7.3,1258.9,21.5,7815.7,7.5,1.9,45.2,7.167000000000002,3.78269486534,0.3318263243197134,0.5388502240442368,0.1293234516360498
103,4,Netherlands,22.1,28934.9,25.493089323212686,13.5,389.9,39.2,14549.3,3.6,2.2,39.9,11.085,4.544291605850001,0.30502505869998237,0.5571775146510362,0.13779742664898154
104,4,Poland,26.0,10396.9,28.63157248725996,10.3,122.2,14.0,4073.2,19.4,0.7,24.9,8.283999999999999,2.68463764603,0.3427014621549202,0.5285312987425327,0.12876723910254714
105,4,Portugal,21.1,17677.9,24.646994777317815,7.8,113.6,19.2,8483.4,6.1,3.2,42.1,6.11,5.48632609622,0.29147890651547564,0.5400907482697382,0.16843034521478614
106,4,Romania,21.1,6633.9,29.02295712764779,7.0,90.7,8.1,2459.0,7.0,15.3,24.7,4.743,2.8061668245,0.32971545300115274,0.5290225275625052,0.1412620194363421
107,4,Slovakia,23.4,11993.8,26.29747312310986,9.4,109.6,18.4,4578.0,17.1,8.4,41.2,7.815,2.89653949307,0.3442632713586393,0.5405482512297669,0.11518847741159376
108,4,Slovenia,22.9,17926.2,28.21562854325453,10.0,98.4,22.3,8911.3,6.5,5.6,36.4,8.18,3.93663508116,0.28690131705862754,0.5640783971819906,0.1490202857593819
109,4,Spain,20.5,21253.3,24.97698138132053,9.7,82.7,27.9,10216.3,11.3,3.1,21.6,7.927,3.93228137309,0.2747853957056528,0.5564505305652749,0.16876407372907226
110,4,Sweden,27.2,26696.3,25.500030502387613,7.9,20.3,34.6,12221.5,5.6,2.3,54.1,6.392,5.12682247959,0.2976851121610952,0.5306822295607246,0.17163265827818014
111,4,United Kingdom,28.7,25554.1,28.60050783526581,11.8,239.4,32.4,12696.3,4.8,1.4,54.0,9.486,4.62763072333,0.31096672525412516,0.5299380471072941,0.15909522763858072
112,5,Austria,20.4,28551.4,25.8,11.2,101.1,34.3,13284.5,5.8,2.0,50.8,9.512,3.9104592630400004,0.2849552274311402,0.5578705154009413,0.1571742571679184
113,5,Belgium,26.2,27277.7,26.1,14.3,340.6,43.1,13490.8,7.4,1.9,72.5,12.286,4.422836599719999,0.29311911106837746,0.5351327719551577,0.17174811697646486
114,5,Bulgaria,18.8,7719.2,28.02926322219748,8.2,69.8,10.5,2615.0,12.0,6.1,47.3,6.393,3.40881449963,0.2734994189995129,0.5532057659195883,0.17329481508089883
115,5,Croatia,19.0,12266.6,27.740712989876343,6.9,101.1,16.9,5930.0,13.7,2.1,22.0,5.249,3.59090534239,0.2890552427941204,0.5388996100011653,0.17204514720471434
116,5,Cyprus,22.5,21932.9,26.656705510928578,12.4,78.2,24.0,9047.4,4.3,1.9,30.2,7.7,3.63331697504,0.3604100101376133,0.5197655985999654,0.11982439126242132
117,5,Czech Republic,21.8,17599.0,28.400268107031682,14.6,129.3,20.5,6966.9,8.2,2.6,64.3,12.387,3.4039729666900005,0.2853423453055584,0.5745737367342212,0.14008391796022046
118,5,Denmark,25.5,27845.2,23.9,13.0,125.2,37.6,14107.3,5.2,0.9,41.8,10.317,3.8448194072300006,0.29849091214895374,0.5519045806632704,0.14960450718777588
119,5,Estonia,25.5,12200.8,37.4,14.2,31.3,14.0,5377.3,10.3,3.0,69.2,12.68,5.37170417849,0.3040071923966093,0.5321823052365051,0.16381050236688563
120,5,Finland,25.7,26330.2,25.5,15.6,15.4,34.0,12283.8,10.4,0.1,45.1,13.155,5.7064266748899986,0.29998548250029217,0.5427764153940583,0.15723810210564954
121,5,France,23.0,24634.4,28.2,8.8,98.4,38.5,12594.1,8.9,2.3,48.3,6.914,4.67809802921,0.31757714625359074,0.5199136027653563,0.16250925098105296
122,5,Germany,20.4,26583.4,27.645238122787823,12.3,231.2,39.2,13445.2,10.7,1.8,54.0,10.845,4.52633682073,0.2628968125446208,0.5539426344099619,0.1831605530454173
123,5,Greece,19.4,21523.5,33.0,12.0,82.9,24.6,7126.3,10.3,3.0,24.0,9.718,5.01384794388,0.283365134232412,0.535023693442193,0.181611172325395
124,5,Hungary,22.9,13746.0,25.2275373282811,7.5,108.7,16.7,6235.3,5.8,6.8,56.3,5.972,3.5807012251699994,0.2900352592081623,0.5543971013778666,0.15556763941397111
125,5,Ireland,21.65,32719.6,31.5,16.7,57.7,38.0,12369.5,4.5,2.3,14.8,11.17,4.730788066040001,0.363726529777921,0.5251838701371705,0.1110896000849085
126,5,Italy,19.1,24916.6,32.9,10.1,190.8,32.5,9386.4,7.9,2.3,18.1,8.424,4.02485137553,0.24604883931664565,0.5602843239445566,0.19366683673879778
127,5,Latvia,24.9,10335.1,27.014437608769466,5.0,35.2,13.0,3950.2,11.7,6.2,50.8,3.383,4.53603386856,0.3069098290681377,0.5286957320942202,0.16439443883764213
128,5,Lithuania,26.6,11026.4,25.828543800551255,6.4,52.1,14.1,4419.7,10.7,1.2,57.5,3.901,5.181203185069999,0.3214383326172308,0.5223221146571428,0.15623955272562634
129,5,Luxembourg,18.7,54196.6,26.5,27.9,175.9,52.6,26612.6,5.1,3.2,52.8,26.095,4.22889818881,0.3031213913210521,0.556521872005274,0.1403567366736739
130,5,Malta,22.5,18053.3,23.969685752931564,7.1,1267.0,23.2,8097.8,7.3,2.7,45.2,6.815,3.7986440194,0.3253727549349688,0.5429275623085761,0.13169968275645513
131,5,Netherlands,22.2,30272.5,25.82110341452471,13.5,391.5,41.1,14961.9,4.6,1.4,43.1,11.123,4.5302733995499995,0.3044424316971221,0.5561432744980417,0.13941429380483622
132,5,Poland,25.8,11288.4,28.26840988907477,10.4,122.1,15.0,4184.1,19.1,3.6,29.4,8.4,2.68902788733,0.33546380995155783,0.5339833670763486,0.13055282297209359
133,5,Portugal,21.0,18171.3,37.8,8.1,113.8,19.9,8626.1,6.3,2.5,47.5,6.351,5.543270971390001,0.28657349743825317,0.5428131350832356,0.17061336747851125
134,5,Romania,21.2,7726.2,25.24542473725802,7.0,90.3,9.5,2827.7,7.7,11.9,24.6,4.715,2.8232387046900005,0.3288679478364236,0.5296912373116412,0.14144081485193516
135,5,Slovakia,23.5,12851.3,27.37207915095032,9.5,109.6,19.3,4648.8,18.6,7.5,39.0,7.914,2.90864615963,0.336052537822847,0.5477178971617648,0.11622956501538825
136,5,Slovenia,22.7,19272.3,24.986264614822016,10.1,98.5,23.7,9621.3,6.0,3.7,36.8,8.351,3.92166887361,0.28077984469805656,0.567333312301923,0.15188684300002053
137,5,Spain,20.7,22152.0,31.0,9.9,84.1,28.8,10577.4,11.1,3.1,23.8,8.195,3.91320001643,0.2698442771493598,0.563381147002453,0.16677457584818714
138,5,Sweden,27.3,28369.3,23.0,7.7,20.3,36.6,12806.2,6.7,1.0,46.7,6.277,5.13109297977,0.2975970953347361,0.530301999259023,0.17210090540624084
139,5,United Kingdom,29.0,26897.5,25.771397675840344,11.7,240.6,34.2,13472.3,4.6,1.3,45.2,9.464,4.5878104533,0.310868694099774,0.52991666353548,0.159214642364746
140,6,Austria,20.4,29755.5,26.3,11.3,97.8,36.1,13631.1,5.6,2.1,49.7,9.616,3.89869958852,0.2834305035471078,0.5545866893214857,0.16198280713140645
141,6,Belgium,26.6,28326.6,28.0,13.9,342.2,44.6,13900.8,8.4,2.5,71.5,11.887,4.464076928380001,0.292103405239126,0.5357117703880416,0.17218482437283236
142,6,Bulgaria,18.7,8677.8,28.84110855374068,8.3,69.3,11.5,2922.3,10.1,6.0,43.8,6.582999999999998,3.3984594631700005,0.2687818588732458,0.5566991814698916,0.17451895965686262
143,6,Croatia,19.1,12989.7,24.360286937874246,6.9,101.1,17.8,6235.7,12.6,3.0,22.1,5.356,3.5864379788900003,0.2857176984221229,0.5400121439386067,0.17427015763927028
144,6,Cyprus,22.1,23594.0,28.7,12.5,79.3,25.7,10164.1,5.3,2.0,25.7,7.746,3.64967013742,0.3558213344670987,0.5230007230462181,0.12117794248668322
145,6,Czech Republic,21.5,18659.2,26.0,14.4,129.3,21.3,7424.9,7.9,1.6,60.4,12.143,3.40324148833,0.27944788559483164,0.5790391096379599,0.14151300476720846
146,6,Denmark,25.8,29021.9,23.9,12.1,125.6,38.9,14656.2,4.8,1.7,42.3,9.622,3.8217849555,0.29862251297829256,0.5504825780699608,0.15089490895174662
147,6,Estonia,25.4,14035.8,34.1,14.1,31.1,15.5,6147.8,8.0,4.1,66.2,12.643,5.34270761618,0.30049270174014137,0.5323171744385599,0.16719012382129875
148,6,Finland,26.3,27188.8,26.0,13.3,15.5,34.9,12864.4,8.4,0.8,45.7,10.844,5.67622701646,0.29810847950390545,0.5425248522854229,0.15936666821067166
149,6,France,23.7,25991.7,27.7,8.8,99.2,40.6,13293.3,8.5,1.9,54.8,6.9289999999999985,4.648780884430001,0.3162591493813758,0.5204172285205625,0.16332362209806173
150,6,Germany,20.2,27167.7,26.1,12.0,231.0,40.4,13530.1,11.2,1.9,51.9,10.602,4.55116812403,0.2603522973556842,0.5502591724176465,0.1893885302266692
151,6,Greece,20.0,21736.5,33.2,12.4,83.1,24.1,7448.0,10.0,3.5,22.1,10.081,5.03347462428,0.2780520991707255,0.5382575269754257,0.18369037385384873
152,6,Hungary,22.8,14516.5,27.6,7.5,108.5,17.7,6686.0,7.2,3.5,56.1,5.997000000000001,3.5731043988,0.2854060551000603,0.5575457167083355,0.15704822819160416
153,6,Ireland,21.65,34365.0,31.9,16.7,58.9,38.7,13275.9,4.3,2.2,15.9,11.4,4.74342151709,0.3585288741407278,0.5311229842141043,0.11034814164516783
154,6,Italy,19.1,25538.8,32.7,10.0,192.1,33.3,9759.4,7.7,2.2,19.0,8.359,4.0148969904600005,0.24422242150331333,0.5588892673447073,0.19688831115197936
155,6,Latvia,24.7,11768.1,36.2,5.1,34.8,14.3,4729.8,10.0,6.9,50.6,3.459,4.52228783801,0.3033436200895033,0.5284681398659372,0.16818824004455957
156,6,Lithuania,26.9,12344.6,36.3,6.9,51.4,15.4,5007.8,8.3,2.7,55.7,4.213,5.19770954018,0.3156414887575097,0.5237787239780299,0.1605797872644603
157,6,Luxembourg,18.8,57974.9,26.5,28.0,178.4,56.6,28260.3,4.5,3.8,51.5,26.297,4.21097668253,0.3027287443648301,0.5565064848793638,0.14076477075580607
158,6,Malta,21.9,18920.4,27.0,7.4,1275.9,23.4,8192.0,6.9,2.5,45.2,6.6370000000000005,3.81298181255,0.31820916958658857,0.5464038530587988,0.13538697735461266
159,6,Netherlands,22.3,31975.3,26.9,13.1,392.5,43.6,15427.2,5.9,1.5,44.9,10.825,4.52679905104,0.30324017919506585,0.555241221605394,0.14151859919954016
160,6,Poland,25.5,11809.1,35.6,10.4,122.1,15.4,4356.3,17.7,2.2,32.7,8.385,2.69881528621,0.3280317489280749,0.5397269561581961,0.13224129491372902
161,6,Portugal,20.7,19324.7,38.1,8.3,113.9,21.2,9225.1,7.6,2.1,47.0,6.544,5.57336650549,0.2817198658216141,0.5455694007929485,0.17271073338543744
162,6,Romania,21.1,8263.3,23.789069010532103,6.9,89.7,10.3,3214.3,7.2,9.1,23.4,4.647,2.83845244397,0.32103216717169286,0.5345218029946595,0.14444602983364765
163,6,Slovakia,23.3,14120.8,26.2,9.5,109.6,20.5,5152.4,16.3,2.8,44.2,7.917999999999998,2.91780328467,0.3283996614804887,0.5541060752787137,0.11749426324079759
164,6,Slovenia,22.6,20349.3,23.8,10.3,98.5,25.8,10176.4,6.5,2.4,45.9,8.481,3.9018810089800002,0.2748520852037215,0.5703447579476084,0.15480315684867002
165,6,Spain,20.5,23542.3,32.2,10.1,85.6,30.1,11233.8,9.1,3.4,35.3,8.413,3.9022421251699995,0.2654436485646078,0.5685427646972421,0.16601358673815017
166,6,Sweden,27.1,28866.1,23.4,7.4,20.4,37.3,12996.6,7.8,0.8,45.1,5.9689999999999985,5.13466437182,0.2971910188887116,0.530059284087963,0.17274969702332546
167,6,United Kingdom,29.3,27612.8,34.6,11.5,242.2,34.6,13690.8,4.8,2.1,45.2,9.349,4.56835109018,0.31028691198174235,0.530635406011009,0.15907768200724862
168,7,Austria,20.4,31142.2,25.3,10.9,98.4,37.6,14187.0,5.2,1.7,55.1,9.256,3.88941012677,0.28081709185135845,0.5525179346257826,0.166664973522859
169,7,Belgium,26.7,29290.6,27.8,13.5,344.3,45.7,14368.1,8.2,2.3,65.1,11.655,4.50720216581,0.2912476243034316,0.5371988078451955,0.17155356785137296
170,7,Bulgaria,18.4,9364.6,31.2,8.5,68.7,11.9,3064.5,8.9,7.4,45.2,6.792999999999998,3.38852549743,0.26483198380007533,0.5594912684779404,0.17567674772198427
171,7,Croatia,19.1,14407.9,26.63530050262772,7.0,101.1,19.1,6807.5,11.1,3.3,21.1,5.417999999999998,3.58218402513,0.2826171786694304,0.5414330976486014,0.1759497236819682
172,7,Cyprus,22.0,24819.1,28.8,12.6,80.4,27.2,10751.2,4.5,2.2,33.4,7.795,3.65982902636,0.35082547012780874,0.5264339530684479,0.12274057680374345
173,7,Czech Republic,21.0,19680.8,25.3,14.5,129.6,22.4,7810.0,7.1,2.1,59.4,12.224,3.4031322041600003,0.2751290738357131,0.5814004365895695,0.1434704895747173
174,7,Denmark,25.7,30871.2,23.7,13.5,125.9,40.5,15579.4,3.9,1.8,39.3,11.037,3.8017364139199996,0.29929420488803943,0.5482605983294564,0.15244519678250418
175,7,Estonia,24.2,15940.6,33.1,13.7,29.9,16.7,6976.0,5.9,4.4,54.8,12.184,5.31133685132,0.2971020411193858,0.5321314810552342,0.17076647782537996
176,7,Finland,26.3,28443.6,25.9,15.4,15.5,36.0,13468.1,7.7,1.3,46.9,12.953,5.66166441864,0.29625490076560845,0.5414022717031736,0.162342827531218
177,7,France,23.6,26925.6,27.3,8.5,99.9,42.4,13724.1,8.4,1.9,50.8,6.6960000000000015,4.66420958958,0.31459540295117305,0.5220073738577136,0.16339722319111338
178,7,Germany,20.4,28343.2,26.8,12.1,230.9,41.3,13800.5,10.3,1.8,51.1,10.76,4.559235677919999,0.25730332498418357,0.5474384233008724,0.195258251714944
179,7,Greece,19.8,23606.7,34.3,12.0,83.4,25.9,7917.2,9.0,3.3,22.9,9.918,5.0344024884100005,0.2727122509485395,0.5420817807907053,0.1852059682607551
180,7,Hungary,22.6,15145.9,33.3,7.4,108.3,18.3,6900.8,7.5,4.0,55.9,5.955,3.56207310851,0.2815768298499946,0.5597639527166706,0.1586592174333348
181,7,Ireland,21.65,36585.5,31.9,16.1,60.3,40.5,14318.3,4.4,2.7,16.7,11.036,4.74921140068,0.35508906004226815,0.5360759207877891,0.10883501916994276
182,7,Italy,19.1,26762.4,32.1,9.8,192.7,34.4,10279.2,6.8,2.2,20.1,8.245,4.02217041949,0.2429156208432928,0.5573507867882453,0.1997335923684619
183,7,Latvia,24.2,13039.0,38.9,5.4,34.5,14.8,5385.5,7.0,6.6,49.6,3.725,4.51629043876,0.2996543841641502,0.5283806633642255,0.1719649524716243
184,7,Lithuania,26.7,13644.9,35.0,7.1,50.4,16.8,5823.8,5.8,3.8,52.7,4.359,5.221408863460001,0.3101769436538181,0.5251375343243287,0.1646855220218532
185,7,Luxembourg,19.5,64523.6,27.8,27.2,181.4,61.5,30308.5,4.7,3.0,60.7,25.518,4.191178417830002,0.3017453140570882,0.5577345827770572,0.14052010316585456
186,7,Malta,21.3,19223.4,27.1,7.5,1283.3,23.5,8441.0,6.8,2.6,45.2,6.632999999999999,3.81848765422,0.3111502581980662,0.5506613472683805,0.13818839453355342
187,7,Netherlands,22.5,33913.6,26.4,12.8,393.2,45.5,15933.2,5.0,1.6,44.6,10.493,4.52815412179,0.30170830319618075,0.5545628826638374,0.14372881413998187
188,7,Poland,24.9,12533.8,33.3,10.8,122.0,15.8,4587.4,13.8,1.3,31.8,8.728,2.71556490381,0.32079441300183276,0.545592649263977,0.13361293773419022
189,7,Portugal,20.2,20408.2,37.7,7.8,114.1,22.5,9555.8,7.6,3.0,50.0,6.0779999999999985,5.5848902287,0.27708875891928075,0.5484094763031123,0.17450176477760684
190,7,Romania,21.1,9674.2,28.400268107031682,7.1,89.2,11.8,3685.5,7.3,6.6,22.3,4.819,2.84912821081,0.3133772717357717,0.5393301358829139,0.14729259238131448
191,7,Slovakia,23.0,15615.0,28.1,9.5,109.6,22.2,5608.4,13.4,4.3,49.0,7.871,2.92882121273,0.3213970450702626,0.5596910882170385,0.11891186671269882
192,7,Slovenia,22.2,21325.2,23.7,10.3,98.8,27.2,10576.1,5.9,2.5,36.7,8.544,3.87866035068,0.26938081160255106,0.5730339150188677,0.15758527337858128
193,7,Spain,20.3,25507.0,31.9,9.7,87.0,32.0,12175.6,8.5,3.6,63.0,8.088,3.91089354458,0.262031418517347,0.5720654406152119,0.16590314086744107
194,7,Sweden,26.8,30972.5,24.0,7.3,20.5,39.8,13713.5,7.1,1.5,44.6,5.9129999999999985,5.14233002826,0.2971922162495993,0.5295346394204641,0.17327314432993665
195,7,United Kingdom,22.6,28602.0,32.5,11.3,243.9,35.8,14316.1,5.3,2.3,45.2,9.241,4.5712125000500015,0.3096337604884896,0.5314975452867127,0.1588686942247977
196,8,Austria,20.2,32466.0,26.2,10.5,98.8,38.9,14652.4,4.9,2.2,57.0,8.907,3.87946195942,0.2778325130278668,0.5520372703856928,0.1701302165864403
197,8,Belgium,26.6,30389.2,26.3,13.1,346.7,46.8,14889.5,7.5,1.8,66.0,11.25,4.55746471745,0.290406628230928,0.5387910877597628,0.17080228400930914
198,8,Bulgaria,18.3,10550.0,35.3,9.1,68.2,12.9,3398.5,6.9,7.6,55.2,7.349,3.37430135968,0.2612643381563108,0.561645540379299,0.17709012146439013
199,8,Croatia,19.0,15926.2,28.2503088074037,7.4,49.2,20.4,7543.6,9.9,2.7,20.7,5.7360000000000015,3.5754074473300004,0.27960875725963136,0.5429243129450354,0.1774669297953333
200,8,Cyprus,21.5,27073.7,29.8,12.8,81.9,28.6,11798.0,3.9,2.2,26.0,7.9529999999999985,3.66634565866,0.3461165440879334,0.5299885546833245,0.12389490122874208
201,8,Czech Republic,20.8,21531.2,25.3,14.6,130.0,24.4,8483.6,5.3,2.9,54.5,12.300999999999998,3.39906292629,0.2719058906508585,0.5827049446791421,0.14538916466999935
202,8,Denmark,25.8,32116.5,25.2,12.6,126.4,42.0,16671.8,3.8,1.7,38.5,10.11,3.78111024866,0.3003975692120703,0.5450838139911478,0.15451861679678194
203,8,Estonia,23.6,18102.2,33.4,16.5,29.7,18.9,8196.3,4.6,6.7,54.2,14.932,5.27211471814,0.2941566966017245,0.5321366769102247,0.17370662648805085
204,8,Finland,26.4,31073.5,26.2,15.0,15.6,38.8,14372.2,6.9,1.6,44.8,12.597,5.643514528169999,0.29424027203547476,0.5408853027253087,0.16487442523921658
205,8,France,23.3,28178.2,26.6,8.3,100.6,43.4,14223.4,7.7,1.6,49.1,6.505,4.72637872401,0.3128380335765305,0.523606538575972,0.16355542784749758
206,8,Germany,20.3,30041.6,30.4,11.8,230.5,43.0,14309.0,8.7,2.3,50.7,10.458,4.56223482151,0.2542482333577536,0.546289745872229,0.19946202077001743
207,8,Greece,19.1,24141.4,34.3,12.2,83.6,26.4,8138.0,8.4,3.0,21.2,10.068,5.028125038380002,0.26755667796294763,0.5461954293416448,0.18624789269540754
208,8,Hungary,22.3,15684.0,25.6,7.2,108.2,19.0,7160.0,7.4,7.9,61.6,5.8370000000000015,3.54957737507,0.2783334283035798,0.5611114641418702,0.16055510755454996
209,8,Ireland,24.0,38537.7,31.3,15.5,62.2,42.4,15497.5,5.0,2.9,16.2,10.818,4.74446874395,0.3536320778950939,0.5384731146716643,0.1078948074332419
210,8,Italy,19.1,28018.7,32.0,9.6,193.2,35.6,10744.3,6.1,2.0,20.2,8.071,4.04771615453,0.24199566616495813,0.5565836596475213,0.20142067418752058
211,8,Latvia,23.5,14941.5,35.4,5.6,34.2,16.5,6597.2,6.1,10.1,47.8,3.916,4.5085079337,0.2960874888539244,0.5289625264619879,0.17494998468408773
212,8,Lithuania,26.2,15737.8,33.8,7.8,49.8,18.5,6679.7,4.2,5.8,49.1,4.834,5.24203953027,0.3060413858839877,0.5257579391544257,0.1682006749615866
213,8,Luxembourg,18.9,69215.0,27.4,25.5,184.1,63.6,32206.9,4.1,2.7,56.2,23.782,4.1720116797200015,0.3003864623589829,0.5594829112803258,0.14013062636069126
214,8,Malta,20.5,20516.1,26.3,7.7,1285.2,24.7,8919.1,6.5,0.7,45.2,6.775,3.81705727545,0.3040063925256623,0.5571110701333825,0.13888253734095518
215,8,Netherlands,22.9,36178.2,27.6,12.7,393.9,47.3,16969.4,4.2,1.6,45.0,10.477,4.530087404230001,0.3003762491531708,0.5536321692659699,0.14599158158085931
216,8,Poland,24.3,13836.0,32.2,10.8,121.9,16.8,5107.9,9.6,2.6,26.8,8.724,2.73169605988,0.31354651365177966,0.5520393312155086,0.1344141551327117
217,8,Portugal,20.3,21186.0,36.8,7.6,114.3,23.2,9783.3,8.0,2.4,54.8,5.827000000000001,5.5982431126100005,0.2726850558642659,0.5509869377352575,0.17632800640047652
218,8,Romania,21.5,11367.3,38.3,7.3,88.6,13.5,3835.7,6.4,4.9,19.2,5.06,2.85808830392,0.3058102379339197,0.5434101536164637,0.1507796084496166
219,8,Slovakia,22.8,17443.6,24.5,9.1,109.6,24.0,6169.3,11.1,1.9,44.4,7.572999999999999,2.9357826021499998,0.31461871837336314,0.5650467018802994,0.12033457974633756
220,8,Slovenia,21.8,22839.9,23.2,10.4,99.2,28.4,11183.0,4.8,3.8,41.1,8.572000000000001,3.84471466539,0.2643757921608656,0.5748088367845183,0.16081537105461607
221,8,Spain,20.2,26865.4,31.9,9.8,88.5,33.5,12989.0,8.2,2.8,63.0,8.136000000000001,3.94283926792,0.25965816642714795,0.5754677469581976,0.16487408661465444
222,8,Sweden,26.4,33444.6,23.4,7.1,20.6,42.0,15003.3,6.2,1.7,43.2,5.774,5.14967925879,0.297721831205695,0.5279330894427943,0.17434507935151075
223,8,United Kingdom,22.2,29181.6,32.6,11.0,245.7,36.5,14739.0,5.3,2.3,52.5,9.013,4.58384319456,0.30913366429633354,0.5317319767190046,0.1591343589846618
224,9,Austria,20.3,32647.4,27.7,10.4,99.0,38.7,14994.9,4.1,3.2,55.9,8.852,3.87094667052,0.2751634711879365,0.5522050900216632,0.17263143879040033
225,9,Belgium,26.6,30132.4,27.5,13.0,349.4,46.2,15179.2,7.0,4.5,77.5,11.171,4.60668977477,0.290054365206268,0.5392401009339424,0.1707055338597896
226,9,Bulgaria,18.0,11322.4,35.9,8.9,67.7,13.1,3805.2,5.6,12.0,50.9,7.183,3.36441938867,0.2580123138136613,0.5631677873560189,0.17881989883031985
227,9,Croatia,18.9,16460.6,24.680935492818325,7.1,49.2,20.6,7837.0,8.5,5.8,21.5,5.457000000000002,3.5692279157800004,0.27691038269822477,0.5445149742603803,0.17857464304139495
228,9,Cyprus,21.5,27517.2,29.0,12.7,83.9,28.5,12131.6,3.6,4.4,26.8,7.97,3.66947895273,0.34113450473790863,0.5344632955097288,0.1244021997523626
229,9,Czech Republic,20.7,22002.4,24.7,14.0,131.2,24.5,8839.7,4.4,6.3,59.7,11.735,3.39409575875,0.2696148066888251,0.5826196165015055,0.1477655768096694
230,9,Denmark,25.5,32617.2,25.1,11.9,127.1,42.5,17197.3,3.4,3.6,39.3,9.437,3.76601514677,0.3016848808154473,0.5409928930325215,0.15732222615203117
231,9,Estonia,22.9,17908.7,30.9,14.9,29.6,19.0,8932.0,5.4,10.6,57.1,13.339,5.2251662339800005,0.2912967713467306,0.53426844864594,0.17443478000732934
232,9,Finland,26.3,31583.2,26.3,13.4,15.7,38.9,14997.2,6.4,3.9,43.4,11.015,5.62441847901,0.29204985657961824,0.541644231256026,0.16630591216435575
233,9,France,23.1,27816.4,29.8,8.2,101.1,42.7,14103.7,7.1,3.2,49.9,6.359,4.80652854725,0.3115452723879107,0.5240413133258472,0.16441341428624207
234,9,Germany,20.1,30049.7,30.2,11.9,230.2,42.6,14560.4,7.5,2.8,50.9,10.521,4.562415645150001,0.25148390396513715,0.5460576968255476,0.20245839920931527
235,9,Greece,19.5,24381.8,33.4,11.9,83.8,26.4,8357.4,7.8,4.2,24.6,9.73,5.014097113380001,0.26310693003204055,0.5497096817232092,0.1871833882447502
236,9,Hungary,21.9,16339.9,25.2,7.1,108.0,20.1,7423.3,7.8,6.0,62.7,5.746,3.54086732268,0.2756765189418131,0.5617356875826904,0.16258779347549643
237,9,Ireland,23.5,34992.1,29.9,15.0,63.9,40.0,15164.8,6.8,3.1,16.4,10.524,4.73734538104,0.3519833301592923,0.5394085592192527,0.10860811062145496
238,9,Italy,19.0,27974.7,31.2,9.3,194.6,35.9,10955.2,6.7,3.5,22.0,7.841,4.078805439119999,0.2415746127117855,0.5559869108486257,0.20243847643958873
239,9,Latvia,22.9,15355.0,37.5,5.5,34.0,15.8,7403.0,7.7,15.3,48.0,3.762,4.50378699649,0.29198948250720497,0.5309244141320197,0.17708610336077527
240,9,Lithuania,25.8,16391.6,34.5,7.6,49.2,19.0,7196.6,5.8,11.1,42.9,4.691,5.25874861106,0.30201927126635236,0.5269975639673532,0.17098316476629438
241,9,Luxembourg,18.8,68503.7,27.7,24.8,187.1,61.1,33503.4,5.1,4.1,51.0,23.005,4.15540152271,0.2987224010592427,0.561519366582694,0.1397582323580633
242,9,Malta,20.1,20697.2,28.1,7.7,1290.6,24.3,9013.2,6.0,4.7,45.2,6.745,3.81462274688,0.2977617427286562,0.5615502429277373,0.14068801434360656
243,9,Netherlands,23.0,36680.3,27.6,12.6,394.9,47.4,17433.7,3.7,2.2,43.5,10.619000000000002,4.53300818545,0.29943132488859936,0.5519987298725726,0.1485699452388281
244,9,Poland,23.7,14468.6,32.0,10.6,121.9,16.9,5598.5,7.1,4.2,25.4,8.544,2.74752642867,0.30602776180724006,0.5591858890157206,0.13478634917703936
245,9,Portugal,22.5,21043.7,35.8,7.3,114.6,23.2,9839.8,7.6,2.7,61.1,5.598,5.60474954497,0.2686927866429972,0.5528358730868028,0.17847134027020006
246,9,Romania,22.2,13217.1,35.9,7.2,86.6,15.4,4822.2,5.8,7.9,23.9,4.952,2.86522045327,0.290365371764831,0.5517191748552771,0.15791545337989185
247,9,Slovakia,22.4,18720.7,23.7,9.2,109.6,25.0,6629.8,9.5,3.9,44.8,7.665,2.94122352033,0.30821135499961516,0.5700536544794296,0.12173499052095521
248,9,Slovenia,21.4,23408.4,23.4,10.7,99.2,28.2,11692.0,4.4,5.5,33.5,8.995,3.80970854508,0.26063106380641926,0.5758666255713478,0.16350231062223294
249,9,Spain,20.2,26442.3,32.4,8.9,90.3,33.3,13260.6,11.3,4.1,57.2,7.334,3.981336180330001,0.2579185521346644,0.5770878851570789,0.16499356270825669
250,9,Sweden,26.0,33072.0,25.1,6.8,20.8,41.3,15151.7,6.2,3.3,42.5,5.502000000000002,5.15448321496,0.29829985751068994,0.5252563576513137,0.17644378483799636
251,9,United Kingdom,22.3,28783.5,33.9,10.6,247.7,36.5,14397.0,5.6,3.6,50.3,8.696,4.59989194692,0.3084544245297272,0.531360348548234,0.16018522692203882
252,10,Austria,20.4,31125.6,27.5,9.6,99.4,38.2,14716.9,5.3,0.4,53.0,8.082,3.86490341204,0.2726510114372867,0.5522111388445254,0.17513784971818788
253,10,Belgium,26.5,28906.8,26.4,11.7,352.2,45.3,14887.1,7.9,2.2,75.3,9.889,4.64137728389,0.2900592544209259,0.5387306286651945,0.17121011691387963
254,10,Bulgaria,17.8,10758.5,33.4,7.8,67.3,13.0,3813.3,6.8,2.5,45.0,6.127000000000002,3.3589208932500005,0.25501165701562134,0.5642817650317472,0.1807065779526315
255,10,Croatia,18.7,15232.9,24.97698138132053,6.6,49.2,19.3,7537.0,9.2,2.2,22.7,5.061,3.5646095686200003,0.27439900443836757,0.5469676728096634,0.17863332275196903
256,10,Cyprus,21.4,25772.9,29.5,12.0,86.2,27.6,12315.2,5.4,0.2,27.5,7.622000000000001,3.67033299977,0.3357395762817792,0.5392191199165385,0.12504130380168235
257,10,Czech Republic,20.6,20990.0,25.1,13.1,132.2,24.1,8375.9,6.7,0.6,60.9,10.936,3.39034372954,0.2676854523346895,0.5812283241463444,0.15108622351896608
258,10,Denmark,25.6,30679.5,26.9,11.3,127.9,41.9,16847.0,6.0,1.0,45.4,8.941,3.756026485880001,0.3028636474904655,0.5361436773867411,0.16099267512279344
259,10,Estonia,22.6,15592.6,31.4,12.5,29.5,19.7,7872.1,13.6,0.2,59.5,10.937,5.18364768712,0.2881608674312391,0.5375211219057111,0.17431801066304986
260,10,Finland,26.0,28770.7,25.9,12.7,15.7,37.0,14453.0,8.2,1.6,45.3,10.446,5.6047280095800005,0.29006239520258215,0.5411276014858569,0.16881000331156096
261,10,France,23.0,26461.9,29.9,7.8,101.7,41.6,13843.2,8.7,0.1,51.9,6.035,4.87150836717,0.31066114693132774,0.523812493700056,0.16552635936861623
262,10,Germany,20.0,28171.7,29.1,11.1,229.6,41.1,14263.6,7.7,0.2,49.1,9.739,4.56241350199,0.24903289660652786,0.5456569184839088,0.20531018490956324
263,10,Greece,21.65,23093.7,33.1,11.2,84.1,25.5,8251.7,9.6,1.3,23.0,9.118,4.99573614934,0.25961810811866876,0.5516305096471438,0.18875138223418744
264,10,Hungary,21.5,15706.2,24.7,6.5,107.8,20.0,7075.1,10.0,4.0,64.9,5.199,3.53508677795,0.2735189522213235,0.5616662697324291,0.16481477804624745
265,10,Ireland,23.7,31654.3,28.8,13.6,64.8,40.4,13773.9,12.6,-1.7,15.4,9.21,4.725201326650001,0.3488290717241525,0.5403609314861656,0.11080999678968183
266,10,Italy,18.9,26248.7,31.8,8.4,195.8,35.0,10594.0,7.7,0.8,23.6,6.977,4.10495241986,0.24132159125096897,0.5551233821764742,0.20355502657255686
267,10,Latvia,22.6,12831.4,37.5,5.2,33.5,15.6,6017.3,17.5,3.3,51.4,3.468,4.50570286541,0.286325157470572,0.5339907642167094,0.17968407831271857
268,10,Lithuania,25.6,13800.4,35.9,6.3,48.8,17.8,6137.2,13.8,4.2,45.1,4.049,5.27351594767,0.2978376296824641,0.5294348446592672,0.17272752565826874
269,10,Luxembourg,18.7,62574.7,29.2,23.3,190.8,58.2,32418.1,5.1,2.2,60.5,21.399,4.13971471653,0.2969581183806631,0.5634833582437362,0.13955852337560065
270,10,Malta,20.2,19879.9,27.4,7.1,1300.4,23.5,8860.9,6.9,1.8,45.2,6.352,3.81156753454,0.29298047411013434,0.5612735709540873,0.14574595493577838
271,10,Netherlands,22.9,33893.7,27.2,12.2,396.8,44.6,16934.6,4.3,1.0,42.7,10.265999999999998,4.539300815980001,0.29859216872681166,0.5498644012633701,0.1515434300098183
272,10,Poland,23.4,14665.2,31.4,10.2,122.0,17.2,5527.5,8.2,4.0,26.1,8.197000000000001,2.75951290481,0.29876194918540416,0.5659132684271543,0.13532478238744156
273,10,Portugal,23.0,20130.5,35.4,7.0,114.7,22.8,9594.9,9.4,-0.9,65.5,5.3279999999999985,5.612206190429999,0.26508036147524167,0.5537779772011406,0.1811416613236177
274,10,Romania,22.3,12543.1,34.5,6.3,85.7,14.9,4365.3,6.9,5.6,24.1,4.176,2.8732591302,0.28217343248219906,0.5564375439916793,0.16138902352612164
275,10,Slovakia,21.8,17537.1,24.8,8.4,109.8,24.1,6591.6,12.0,0.9,48.1,6.96,2.94519621706,0.30237843192659447,0.5742116357363333,0.12340993233707225
276,10,Slovenia,21.0,20896.2,22.7,9.6,100.2,25.8,10856.3,5.9,0.8,35.1,8.017999999999999,3.78119384476,0.25792493004999334,0.5772700597302212,0.16480501021978544
277,10,Spain,20.4,24634.2,32.9,8.0,91.4,33.2,12537.3,17.9,-0.2,57.0,6.414,4.01399761723,0.2560410524369589,0.5771407159009819,0.1668182316620591
278,10,Sweden,26.0,30156.9,26.3,6.3,21.0,39.1,14234.7,8.4,1.9,47.0,5.072,5.1568201279300006,0.29884201939772104,0.5217821340289283,0.17937584657335068
279,10,United Kingdom,22.3,26443.0,32.4,9.6,249.6,34.4,13650.3,7.5,2.2,47.2,7.794,4.61415475166,0.3075963877156357,0.5306236624219199,0.1617799498624444
280,11,Austria,20.7,32142.0,28.3,10.2,99.6,39.4,15085.7,4.8,1.7,46.5,8.627,3.86276409911,0.27016711494899504,0.5534103633627692,0.17642252168823583
281,11,Belgium,26.4,30577.6,26.6,12.2,355.1,48.3,15345.7,8.3,2.3,68.6,10.362,4.65578532031,0.2904686540345649,0.5381371875959511,0.171394158369484
282,11,Bulgaria,17.8,11427.2,33.2,8.2,66.9,14.3,4156.0,10.3,3.0,45.3,6.45,3.36387586954,0.2519746876521175,0.5648816864081345,0.18314362593974795
283,11,Croatia,18.9,15132.3,31.6,6.5,49.1,19.7,7294.0,11.6,1.1,23.8,4.898,3.56907481062,0.27197039347352986,0.5501781744969567,0.17785143202951342
284,11,Cyprus,20.8,25427.3,30.1,11.4,88.5,28.0,12127.9,6.3,2.6,31.7,7.19,3.67638920009,0.3304346148699073,0.5434283323708446,0.12613705275924803
285,11,Czech Republic,20.6,21170.5,24.9,13.3,132.7,24.4,8500.9,7.3,1.2,65.9,11.025,3.38712071885,0.2657910788492069,0.5797138378473023,0.15449508330349077
286,11,Denmark,25.9,32902.3,26.9,11.3,128.4,46.0,17327.0,7.5,2.2,46.7,8.974,3.753348277,0.3035314730378527,0.5309362373674785,0.16553228959466876
287,11,Estonia,22.2,16513.8,31.3,15.9,29.5,21.4,7808.9,16.7,2.7,59.0,14.278,5.15198491067,0.28515743817946265,0.5404232148557051,0.17441934696483224
288,11,Finland,26.0,29640.9,25.4,14.1,15.8,38.4,14638.9,8.4,1.7,45.5,11.929,5.58627353554,0.2885296359440887,0.5388654334080627,0.1726049306478486
289,11,France,22.9,27558.3,29.8,7.9,102.2,43.2,14367.1,8.9,1.7,53.2,6.157,4.89939677339,0.3094974775061367,0.5237617363730486,0.16674078612081467
290,11,Germany,20.1,30268.4,29.3,11.6,229.1,43.0,15039.6,7.0,1.1,49.0,10.29,4.56445976199,0.24737766846195675,0.545998012668789,0.20662431886925423
291,11,Greece,19.6,21538.5,32.9,10.6,84.3,25.2,7826.2,12.7,4.7,23.6,8.504,4.97949803852,0.25680030341662,0.5518644242754157,0.19133527230796427
292,11,Hungary,21.3,16478.0,24.1,6.5,107.6,23.4,7250.3,11.2,4.7,67.2,5.26,3.53772522326,0.27095747679780335,0.5623120066823847,0.166730516519812
293,11,Ireland,25.5,33126.2,30.7,13.4,65.2,47.5,13683.9,14.5,-1.6,15.1,8.997,4.71320135848,0.3441386654316212,0.5421391285736716,0.1137222059947072
294,11,Italy,18.9,26787.4,31.7,8.5,196.4,36.1,10723.9,8.4,1.6,24.9,7.12,4.1185475787,0.24082302302708258,0.5545874315915716,0.20458954538134572
295,11,Latvia,21.9,13435.5,35.9,5.9,32.8,17.3,5762.8,19.5,-1.2,53.1,4.026,4.52129079052,0.2795232739801588,0.5380459267614658,0.18243079925837533
296,11,Lithuania,25.1,15373.0,37.0,6.7,48.1,20.3,6291.2,17.8,1.2,53.5,4.3889999999999985,5.29206420674,0.2934827072631077,0.5305236880194674,0.17599360471742492
297,11,Luxembourg,18.8,65509.6,27.9,24.0,194.1,60.9,32409.1,4.4,2.8,61.9,22.013,4.13699183459,0.2956540435621378,0.5651518678223271,0.13919408861553514
298,11,Malta,20.3,21278.7,28.6,7.2,1310.2,25.5,9174.2,6.9,2.0,45.2,6.3439999999999985,3.81627839621,0.2879809896021809,0.5589008709078189,0.15311813949000025
299,11,Netherlands,23.1,34463.8,25.5,12.8,399.0,45.9,16807.2,5.0,0.9,44.7,10.942,4.54176719238,0.29760929547567183,0.5479172177369241,0.15447348678740408
300,11,Poland,23.0,16105.7,31.1,10.7,121.6,19.5,6103.0,9.6,2.6,26.8,8.667,2.76957488602,0.292398363474608,0.5716836000088847,0.13591803651650727
301,11,Portugal,22.8,20895.6,33.7,6.6,114.7,24.0,9852.8,10.8,1.4,69.8,4.94,5.61715472014,0.2615311250691732,0.5537161708755076,0.18475270405531924
302,11,Romania,21.7,13016.1,33.5,6.0,85.1,15.5,4664.3,7.0,6.1,28.2,4.025,2.88330866207,0.2815782605826717,0.5571360850209356,0.1612856543963927
303,11,Slovakia,21.4,19100.5,25.9,8.6,109.9,26.3,7059.0,14.4,0.7,47.3,7.131,2.9512944482,0.2966714390563244,0.578232783924262,0.1250957770194136
304,11,Slovenia,20.8,21225.5,23.8,9.6,101.0,26.9,11135.1,7.2,2.1,37.2,7.999,3.75895124901,0.2552524084928907,0.5794602515688886,0.16528733993822073
305,11,Spain,20.8,24426.8,33.5,7.6,91.9,33.9,12236.2,19.9,2.0,62.0,6.0779999999999985,4.03345318252,0.2540123217308289,0.5764465894658765,0.16954108880329471
306,11,Sweden,26.3,31821.8,25.5,6.9,21.2,40.6,14469.9,8.6,1.9,47.2,5.646,5.1540991773,0.2990474218308814,0.5181856123098341,0.1827669658592845
307,11,United Kingdom,22.6,27556.0,32.9,9.7,251.5,36.3,14162.3,7.8,3.3,47.2,8.016,4.61964439255,0.30689101867073204,0.5295831528624741,0.16352582846679384
308,12,Austria,20.5,33531.0,27.4,9.8,99.8,40.4,15603.6,4.6,3.6,47.5,8.309,3.8629475529300006,0.2678043458702078,0.5549980963208048,0.17719755780898738
309,12,Belgium,26.3,31141.0,26.3,11.1,360.3,48.6,15740.8,7.1,3.4,67.1,9.437,4.65724554117,0.29074650771656596,0.5367661493903254,0.17248734289310866
310,12,Bulgaria,17.8,11824.6,35.0,9.0,66.5,15.0,4186.1,11.3,3.4,49.3,7.217,3.37301646465,0.24898381659286078,0.5644751344149126,0.18654104899222668
311,12,Croatia,18.8,15649.9,31.2,6.4,48.9,21.1,7424.8,13.7,2.2,28.0,4.813,3.57632083494,0.269695782458798,0.5521534130203632,0.1781508045208388
312,12,Cyprus,20.2,25037.2,29.2,10.7,90.8,28.5,12043.8,7.9,3.5,31.1,6.845,3.68885283848,0.3241283750273246,0.5483850874739388,0.12748653749873662
313,12,Czech Republic,20.5,21722.1,25.2,13.1,133.0,25.0,8758.3,6.7,2.2,62.3,10.79,3.38584402158,0.2635003380783071,0.5774687123937307,0.15903094952796226
314,12,Denmark,26.5,33493.8,26.6,10.4,129.4,46.6,17527.6,7.6,2.7,53.3,8.041,3.75692100489,0.3035658443815664,0.5257276898215516,0.17070646579688198
315,12,Estonia,22.1,18513.0,31.9,15.9,29.4,21.9,8283.7,12.3,5.1,56.4,14.378,5.126606618239999,0.281813867293437,0.5424192430543,0.175766889652263
316,12,Finland,25.9,30687.8,25.8,12.6,15.9,39.5,15093.5,7.8,3.3,47.4,10.491,5.5603312787400005,0.28739932070999374,0.5343727016058764,0.17822797768412996
317,12,France,22.9,28334.9,30.8,7.4,102.7,44.1,14714.6,8.8,2.3,56.1,5.72,4.89749189845,0.3079329467849501,0.5226726801101108,0.1693943731049391
318,12,Germany,20.3,32203.2,29.0,11.5,224.6,44.6,15931.4,5.8,2.5,49.7,10.04,4.5674908484199985,0.24559373622041128,0.5477425389177597,0.206663724861829
319,12,Greece,19.6,19718.6,33.5,10.4,84.3,24.5,6977.6,17.9,3.1,23.1,8.276,4.96457689782,0.25458732139980356,0.5506258903163567,0.19478678828383972
320,12,Hungary,21.3,17251.6,26.9,6.4,107.3,24.5,7566.0,11.0,3.9,65.2,5.096,3.5473588359400003,0.2682673909823699,0.5636881861062927,0.16804442291133742
321,12,Ireland,25.8,33896.8,29.8,12.5,65.5,49.5,13564.8,15.4,1.2,14.2,8.141,4.70047672044,0.34010001997779515,0.5428301003147321,0.11706987970747268
322,12,Italy,18.9,27417.0,32.5,8.3,197.0,37.0,10907.9,8.4,2.9,26.3,6.909,4.1199649897800015,0.24015914596716542,0.553185908592956,0.2066549454398786
323,12,Latvia,21.5,14915.2,35.1,5.6,32.1,18.4,5887.1,16.2,4.2,77.2,3.728,4.53813404941,0.2730258143136655,0.5423156657976123,0.1846585198887222
324,12,Lithuania,24.4,17239.1,33.0,7.0,46.7,22.4,6777.7,15.4,4.1,53.8,4.5680000000000005,5.31139621061,0.2888710340026604,0.5313736329783931,0.17975533301894644
325,12,Luxembourg,19.6,69399.9,27.2,23.2,197.9,64.1,33531.6,4.9,3.7,71.1,21.329,4.1377159482999994,0.29400325649949455,0.566760168844097,0.13923657465640843
326,12,Malta,19.1,21587.1,27.2,7.3,1313.3,26.0,9581.8,6.4,2.5,1.6,6.525,3.82567174565,0.28297326968859077,0.5563013339931631,0.16072539631824614
327,12,Netherlands,25.2,35149.9,25.8,11.9,400.9,46.7,17271.1,5.0,2.5,47.2,10.14,4.54713266494,0.29631568779269246,0.5445969661072031,0.1590873461001044
328,12,Poland,22.7,17236.4,31.1,10.7,121.7,20.8,6386.4,9.6,3.9,31.3,8.656,2.77483239722,0.2867265142339238,0.5753879653546201,0.13788552041145613
329,12,Portugal,22.1,20200.5,34.2,6.5,114.7,23.9,9358.8,12.7,3.6,74.2,4.8439999999999985,5.611167094680001,0.25851870521988934,0.5527981320685715,0.18868316271153915
330,12,Romania,21.0,13575.9,33.5,6.3,84.7,15.9,4479.6,7.2,5.8,33.9,4.359,2.8933083803400006,0.2808611061366933,0.557860795627136,0.1612780982361707
331,12,Slovakia,20.8,19487.6,25.7,8.4,110.0,26.6,7205.0,13.6,4.1,43.3,6.989,2.9560549391400004,0.29125456803369304,0.5819380392354453,0.12680739273086167
332,12,Slovenia,20.4,21727.6,23.8,9.6,101.1,28.3,11142.4,8.2,2.1,34.4,7.9620000000000015,3.74871047545,0.2528649292712594,0.5805504853512908,0.16658458537744972
333,12,Spain,21.3,24189.3,34.0,7.6,92.2,34.5,11998.9,21.4,3.0,65.3,6.066,4.0440236355699986,0.2523411892056381,0.5753213261245639,0.17233748466979806
334,12,Sweden,26.1,33004.8,26.0,6.4,21.3,41.6,15279.5,7.8,1.4,49.8,5.187,5.1450212874800005,0.29860102649807696,0.515038816985201,0.18636015651672191
335,12,United Kingdom,22.5,27773.9,33.0,8.9,253.6,36.4,13965.7,8.0,4.5,45.5,7.282999999999999,4.618908627330001,0.30631073669721676,0.5276250607998307,0.1660642025029525
336,13,Austria,20.5,35103.9,27.6,9.5,100.2,42.7,16560.3,4.9,2.6,44.1,7.951,3.8619470228400004,0.2657517349957153,0.5549115586349311,0.17933670636935362
337,13,Belgium,26.4,32065.1,26.5,10.7,362.8,50.1,16409.5,7.5,2.6,62.0,9.128,4.65947936955,0.2902856261039839,0.5348597132979914,0.17485466059802468
338,13,Bulgaria,17.7,12247.2,33.6,8.3,66.1,15.8,4514.3,12.3,2.4,56.4,6.596,3.3797719542699998,0.2461930031796263,0.5637855209974418,0.1900214758229319
339,13,Croatia,18.9,15980.7,30.9,6.0,48.8,22.5,7584.9,15.9,3.4,27.8,4.462,3.58571625447,0.2676685100059404,0.5521400007120999,0.1801914892819597
340,13,Cyprus,19.8,24115.3,31.0,9.9,93.2,28.9,11581.4,11.8,3.1,35.1,6.308,3.69770040459,0.3169831412879292,0.5528673700293422,0.13014948868272866
341,13,Czech Republic,20.4,21948.6,24.9,12.7,133.2,25.6,8999.6,7.0,3.5,58.4,10.449000000000002,3.38661382704,0.2608965685344559,0.5740799023022636,0.16502352916328047
342,13,Denmark,26.8,33854.4,26.5,9.5,130.1,48.1,17463.4,7.5,2.4,55.1,7.17,3.75979915581,0.30300090815215897,0.5210302143904382,0.17596887745740286
343,13,Estonia,21.9,19663.0,32.5,15.2,29.3,23.2,8928.3,10.0,4.2,53.4,13.54,5.10566221265,0.2774465524254214,0.5438754727080558,0.17867797486652282
344,13,Finland,25.8,30693.1,25.9,11.5,16.0,39.7,15406.7,7.7,3.2,45.2,9.442,5.532069681419999,0.28643406356737716,0.5290587021875991,0.1845072342450238
345,13,France,22.9,28567.1,30.5,7.4,103.2,44.7,14939.4,9.4,2.2,53.3,5.694,4.891674772869999,0.30643502706992753,0.5200250561334775,0.17353991679659495
346,13,Germany,20.2,32917.8,28.3,11.5,224.9,45.8,16574.7,5.4,2.1,46.2,10.08,4.57336300448,0.24307316710770452,0.5497882179014016,0.20713861499089378
347,13,Greece,19.7,19105.3,34.3,10.1,84.0,25.0,6602.8,24.4,1.0,29.9,8.035,4.9484108021800015,0.2531330884927966,0.5482153391956478,0.19865157231155567
348,13,Hungary,21.2,17450.6,27.2,6.1,106.8,24.9,7666.2,11.0,5.7,60.4,4.75,3.5581132804300006,0.266201750883511,0.5635630470376941,0.1702352020787949
349,13,Ireland,25.8,34972.4,30.5,12.6,65.8,51.4,13742.1,15.4,1.9,14.2,8.152999999999999,4.68425975987,0.33832514337322,0.5410550286181165,0.12061982800866348
350,13,Italy,18.6,27381.3,32.4,7.9,197.1,38.0,10914.5,10.7,3.3,24.6,6.534,4.12099756222,0.23936881931486476,0.550597837900408,0.21003334278472732
351,13,Latvia,21.1,16058.9,35.7,5.6,31.7,19.4,6418.1,15.0,2.3,65.0,3.639,4.556669856530001,0.26732654286122987,0.5460431269204811,0.18663033021828906
352,13,Lithuania,23.6,18632.0,32.0,7.1,46.0,23.5,7250.4,13.4,3.2,50.3,4.652,5.3305036065,0.2844631874890177,0.5338745387453875,0.1816622737655948
353,13,Luxembourg,19.6,69231.0,28.0,22.2,203.0,64.3,34141.7,5.1,2.9,60.3,20.324,4.1422904568100005,0.29216663810135474,0.5681602871849732,0.139673074713672
354,13,Malta,18.8,22242.6,27.1,7.7,1321.3,26.8,9954.1,6.2,3.2,15.6,6.702000000000001,3.83405806068,0.27917424552648873,0.5530417019817726,0.16778405249173864
355,13,Netherlands,25.2,35719.6,25.4,11.6,402.7,48.0,17716.7,5.8,2.8,49.4,9.86,4.55307565915,0.29459187704562523,0.5400626668050535,0.16534545614932125
356,13,Poland,22.5,18008.8,30.9,10.5,121.7,21.7,6701.4,10.1,3.7,31.6,8.462,2.78171411825,0.281480342439197,0.5767574352590639,0.14176222230173915
357,13,Portugal,21.3,19989.1,34.5,6.4,114.3,24.8,8938.8,15.5,2.8,73.7,4.6930000000000005,5.588841057560001,0.2560952390553319,0.5517833546967783,0.1921214062478899
358,13,Romania,19.9,14344.1,34.0,6.2,84.3,18.4,4703.5,6.8,3.4,29.1,4.258,2.90889250129,0.2777288724714188,0.5602276533840276,0.16204347414455364
359,13,Slovakia,20.4,20135.2,25.3,8.0,110.2,27.5,7457.8,14.0,3.7,42.1,6.646,2.9609288077,0.2862799466156864,0.5841902321943953,0.12952982118991838
360,13,Slovenia,20.4,21837.9,23.7,9.3,101.4,29.1,11190.5,8.8,2.8,35.6,7.672999999999999,3.7412901633800004,0.2507179801279434,0.5798382235703592,0.16944379630169748
361,13,Spain,21.6,24170.8,34.2,7.5,92.5,36.2,11594.5,24.8,2.4,63.9,5.9860000000000015,4.05791945133,0.2509928579394085,0.5737981499434204,0.17520899211717106
362,13,Sweden,26.1,33795.0,26.0,6.0,21.6,43.0,16145.1,8.0,0.9,46.8,4.876,5.132110116130001,0.2978739362748147,0.5123577427764173,0.18976832094876808
363,13,United Kingdom,22.6,28646.4,31.3,9.1,255.5,37.1,14323.9,7.9,2.8,43.1,7.537000000000001,4.61786339797,0.30548575682246104,0.5246883224903299,0.16982592068720898
364,14,Austria,20.2,35200.4,27.0,9.5,100.8,43.3,16791.0,5.3,2.1,44.2,7.922999999999999,3.86174656122,0.26356432360117066,0.5545832617871881,0.18185241461164123
365,14,Belgium,26.7,32032.1,25.9,10.7,364.8,50.5,16514.2,8.4,1.2,65.7,9.124,4.66239921968,0.28950430977124325,0.5333521694562857,0.177143520772471
366,14,Bulgaria,17.8,12215.9,35.4,7.6,65.7,15.8,4836.0,12.9,0.4,49.7,5.863,3.38705882026,0.2430296717864282,0.5633643615099385,0.19360596670363325
367,14,Croatia,19.0,16021.7,30.9,5.8,48.6,23.3,7461.1,17.3,2.3,31.3,4.332,3.59453990492,0.2655737157760439,0.5515805001603018,0.18284578406365437
368,14,Cyprus,19.7,22490.7,32.4,9.1,93.6,29.1,10304.2,15.9,0.4,33.8,5.674,3.7113510240800007,0.30939124603656165,0.555187652055071,0.1354211019083673
369,14,Czech Republic,20.3,22391.6,24.6,12.2,133.3,26.3,9158.4,7.0,1.4,64.1,10.109,3.38554634857,0.258362703726639,0.5707666141063676,0.1708706821669934
370,14,Denmark,26.9,34320.5,26.8,9.8,130.5,48.9,17675.4,7.0,0.5,68.6,7.483,3.76612276703,0.30179665545430373,0.5177438448508647,0.18045949969483163
371,14,Estonia,22.7,20195.4,32.9,16.6,29.2,23.7,9187.7,8.6,3.2,59.4,14.907,5.08604192823,0.2723959159239361,0.5455718032742108,0.1820322808018531
372,14,Finland,26.1,30329.8,25.4,11.6,16.0,39.9,15090.3,8.2,2.2,54.8,9.548,5.50048317122,0.28509996280547817,0.5241710153736744,0.19072902182084742
373,14,France,22.8,29080.9,30.1,7.3,103.7,46.2,15239.2,9.9,1.0,52.3,5.662000000000001,4.88244399253,0.3056065899200019,0.5167318990600437,0.17766151101995445
374,14,Germany,19.8,33222.6,29.7,11.7,225.5,46.5,16779.2,5.2,1.6,45.5,10.281,4.58195427719,0.24068670275724632,0.5511930557010136,0.20812024154174005
375,14,Greece,21.65,19168.7,34.4,9.3,83.4,25.5,6336.2,27.5,-0.9,32.6,7.218,4.9307367447,0.2515290856639082,0.5457259243390894,0.20274498999700233
376,14,Hungary,20.7,17968.0,28.3,5.8,106.5,25.3,7809.8,10.2,1.7,54.6,4.458,3.5695929475800003,0.26411662935440555,0.5623536603954844,0.17352971025011008
377,14,Ireland,26.0,35231.5,30.7,12.5,66.0,50.4,13779.1,13.7,0.5,14.3,7.928,4.66706619543,0.3374161082534426,0.5384100491888085,0.12417384255774884
378,14,Italy,18.3,26538.1,32.8,7.3,197.6,38.2,10538.2,12.1,1.2,27.3,6.082999999999998,4.119622187119998,0.23811330653227955,0.5489272910044917,0.21295940246322878
379,14,Latvia,20.8,16655.7,35.2,5.6,31.3,19.6,6882.6,11.9,2.2,61.5,3.602,4.57208756139,0.26234244636916143,0.5485037622077978,0.1891537914230407
380,14,Lithuania,22.7,19582.0,34.6,6.7,45.5,24.3,7697.7,11.8,1.2,48.7,4.374,5.3459043815800005,0.2805403137381922,0.5360499362847142,0.1834097499770936
381,14,Luxembourg,21.65,70210.8,30.4,20.7,207.7,65.8,34215.5,5.8,1.7,67.5,18.854,4.14290402805,0.29011835593647683,0.5696139399036736,0.14026770415984952
382,14,Malta,18.4,22816.3,27.9,6.8,1337.1,27.2,10195.9,6.1,1.0,13.1,5.859,3.84697823089,0.27552134320264243,0.5502398073090169,0.17423884948834065
383,14,Netherlands,21.65,36167.5,25.1,11.6,403.9,49.2,17779.5,7.2,2.6,52.1,9.832,4.55737474676,0.29265520040722587,0.5364562710056168,0.17088852858715742
384,14,Poland,22.0,18156.1,30.7,10.4,121.7,22.0,6781.2,10.3,0.8,36.7,8.351,2.78596078347,0.276572786323183,0.5770470530698633,0.14638016060695375
385,14,Portugal,20.4,20492.0,34.2,6.2,113.7,25.9,9180.3,16.2,0.4,70.4,4.547,5.55524319311,0.253699402436404,0.5501480927624032,0.1961525048011929
386,14,Romania,19.5,14541.0,34.6,5.8,84.0,18.8,4618.9,7.1,3.2,26.5,3.834,2.9240259990400004,0.27221525070466207,0.5637798278826641,0.1640049214126738
387,14,Slovakia,19.9,20490.6,24.2,7.9,110.3,28.6,7592.1,14.2,1.5,42.9,6.551,2.96592899907,0.2814474616109598,0.5852387614867863,0.13331377690225393
388,14,Slovenia,20.0,21885.5,24.4,8.9,101.6,29.3,10914.5,10.1,1.9,37.6,7.342,3.7327897505500003,0.24844680997731017,0.5786726305538862,0.17288055946880368
389,14,Spain,21.65,23947.3,33.7,6.9,92.3,36.9,11330.9,26.1,1.5,61.8,5.416,4.07287669165,0.24969284672091485,0.5711771069466556,0.17913004633242963
390,14,Sweden,25.6,33546.6,26.0,5.8,21.8,42.9,16135.7,8.1,0.4,52.2,4.668,5.1175613502,0.29713969655367806,0.5101339738635345,0.19272632958278735
391,14,United Kingdom,23.0,29016.4,30.2,8.8,257.1,37.1,14508.3,7.5,2.6,45.8,7.3279999999999985,4.61708171323,0.30428429581179284,0.52219112396209,0.1735245802261171
392,15,Austria,20.0,35959.2,27.6,8.9,101.4,44.5,17143.7,5.6,1.5,44.4,7.436,3.8576390450199995,0.2613642387252193,0.5548833950841274,0.18375236619065333
393,15,Belgium,26.9,32871.9,25.9,10.2,366.2,52.0,16832.0,8.5,0.5,61.0,8.605,4.66136182065,0.2884272444279221,0.5320251236076106,0.17954763196446732
394,15,Bulgaria,18.0,12904.4,35.4,8.1,65.3,16.5,5289.6,11.4,-1.6,43.0,6.2570000000000014,3.39357239145,0.2397940015542769,0.5623917314904973,0.1978142669552258
395,15,Croatia,19.0,16280.2,30.2,5.6,48.4,23.1,7608.4,17.3,0.2,31.5,4.176,3.60621491451,0.2635078223558473,0.5502541982368538,0.18623797940729886
396,15,Cyprus,19.8,22393.1,34.8,9.7,92.7,29.3,9973.9,16.1,-0.3,35.0,5.971,3.72815133659,0.3051794417628049,0.552457756846001,0.1423628013911942
397,15,Czech Republic,20.3,23778.6,25.1,12.0,133.3,27.6,9561.8,6.1,0.4,58.7,9.699,3.3864703303600003,0.25607036878302086,0.5678807420067497,0.17604888921022951
398,15,Denmark,26.8,35304.2,27.7,9.0,131.1,50.5,18136.1,6.6,0.4,68.6,6.704,3.77387928421,0.3000173474615029,0.5158883433032508,0.18409430923524628
399,15,Estonia,22.4,21020.5,35.6,16.0,29.1,24.6,9836.7,7.4,0.5,51.7,14.344,5.0670391205900005,0.2681494208743714,0.5461837008541486,0.1856668782714801
400,15,Finland,25.9,30564.3,25.6,10.8,16.1,40.7,15085.2,8.7,1.2,55.9,8.748,5.46475772783,0.28332033937842144,0.5200367517139021,0.19664290890767652
401,15,France,22.8,29586.9,29.2,6.8,104.5,47.3,15506.6,10.3,0.6,51.2,5.167999999999998,4.86907757751,0.3047085532713073,0.5134266889916129,0.18186475773707975
402,15,Germany,19.7,34708.0,30.7,11.1,226.0,48.2,17549.5,5.0,0.8,43.1,9.754,4.59335400604,0.2388466585040803,0.5515925032792887,0.20956083821663105
403,15,Greece,21.65,19780.4,34.5,9.1,82.8,26.4,6554.1,26.5,-1.4,27.2,6.983,4.911194313879999,0.24914975221743796,0.5439355815832543,0.2069146661993077
404,15,Hungary,20.1,18812.1,28.6,5.9,106.2,25.1,8046.9,7.7,2.2,50.5,4.487,3.5891480656900003,0.262144440934239,0.5606876178296409,0.17716794123612004
405,15,Ireland,26.3,37729.7,31.1,12.3,66.4,52.6,14089.0,11.9,0.3,11.9,7.816,4.64368694869,0.33655263356206366,0.5357994358209269,0.1276479306170094
406,15,Italy,18.1,26584.9,32.4,7.0,201.2,38.7,10478.7,12.7,0.2,27.6,5.825,4.11841793919,0.2365148368108239,0.5477063486107436,0.21577881457843245
407,15,Latvia,20.5,17546.9,35.5,5.6,31.0,20.6,7498.6,10.8,0.7,50.1,3.5460000000000003,4.58688658821,0.25841816365263237,0.5493112593941971,0.19227057695317046
408,15,Lithuania,22.2,20765.0,35.0,6.8,45.1,25.2,8304.1,10.7,0.2,44.3,4.345,5.364218839019999,0.2768019828350271,0.5373662300796592,0.18583178708531367
409,15,Luxembourg,21.65,74910.3,28.7,19.4,212.6,69.9,35567.4,5.9,0.7,87.7,17.616,4.14626704301,0.287388036762948,0.5713122459874784,0.14129971724957355
410,15,Malta,18.1,24490.9,27.7,6.7,1358.9,28.9,10585.0,5.7,0.8,11.3,5.827000000000001,3.85921147077,0.27102418773975456,0.549538727767691,0.17943708449255452
411,15,Netherlands,21.65,36285.8,26.2,11.0,405.1,49.2,17731.5,7.4,0.3,54.2,9.357,4.56656935692,0.29070368659178814,0.5335860498850638,0.17571026352314806
412,15,Poland,21.4,18869.5,30.8,10.0,121.6,22.3,7093.0,9.0,0.1,34.9,8.033,2.7885924242400004,0.2718556974088213,0.5766154958037171,0.15152880678746164
413,15,Portugal,20.0,21186.8,34.5,6.3,113.1,26.2,9361.1,13.9,-0.2,69.9,4.559,5.51052254663,0.25134217037795364,0.5479566321291744,0.20070119749287188
414,15,Romania,19.1,15199.8,35.0,5.8,83.7,19.6,4983.9,6.8,1.4,23.0,3.865,2.9420658214200004,0.2678740447777837,0.5645596107886993,0.16756634443351692
415,15,Slovakia,19.4,21320.2,26.1,7.5,110.5,29.5,8015.2,13.2,-0.1,39.3,6.155,2.97224823057,0.27692266523949693,0.5855877386433891,0.13748959611711403
416,15,Slovenia,19.9,22740.0,25.0,8.1,101.7,30.0,11130.7,9.7,0.4,37.6,6.524,3.72663483876,0.24650227135943542,0.5766061859929844,0.17689154264758017
417,15,Spain,20.8,24844.6,34.7,7.0,91.9,37.8,11769.6,24.4,-0.2,62.9,5.474,4.0868251515499985,0.24853030438341717,0.5682542003343611,0.18321549528222172
418,15,Sweden,25.6,34289.3,26.9,5.6,22.0,43.6,16400.4,8.0,0.2,49.2,4.464,5.10005042863,0.29612212566460927,0.5086917837471127,0.19518609058827813
419,15,United Kingdom,23.0,30125.1,31.6,8.1,258.9,37.8,14700.3,6.1,1.5,41.7,6.666,4.6175794330199995,0.30299448011904345,0.5207094564854418,0.17629606339551476
420,16,Austria,19.8,37667.9,27.2,9.1,102.3,47.3,17912.4,5.7,0.8,36.7,7.688,3.85516785194,0.2604746503378169,0.5550403872679125,0.1844849623942706
421,16,Belgium,26.9,34293.9,26.2,10.4,368.1,54.3,17263.7,8.5,0.6,54.8,8.881,4.66023224974,0.2874768819455612,0.5309648217074795,0.18155829634695936
422,16,Bulgaria,17.9,13679.2,37.0,8.6,65.3,17.3,5648.4,9.1,-1.1,37.8,6.728,3.4025280212199998,0.23702071038520098,0.5608255678154047,0.20215372179939434
423,16,Croatia,18.9,17173.6,30.4,5.7,48.2,24.8,7957.0,16.2,-0.3,30.3,4.23,3.61651190464,0.2614568842065839,0.5484247363470576,0.19011837944635854
424,16,Cyprus,20.3,23804.5,33.6,9.8,91.6,30.5,10555.0,14.9,-1.5,29.7,5.909,3.74888344217,0.30384762848530966,0.547531159125362,0.14862121238932832
425,16,Czech Republic,20.3,25273.0,25.0,12.1,133.6,29.3,10014.5,5.0,0.3,54.1,9.786,3.38574501715,0.2541403847370122,0.5650898472899029,0.18076976797308492
426,16,Denmark,26.8,36755.5,27.4,8.5,131.9,52.5,19032.5,6.2,0.2,56.6,6.27,3.7834205320499996,0.2982835355420134,0.5147227449355457,0.1869937195224409
427,16,Estonia,21.65,21663.7,34.8,13.7,29.1,24.7,10457.3,6.2,0.1,49.6,12.081,5.04902023328,0.26467109114268556,0.5464235485514022,0.18890536030591223
428,16,Finland,25.9,31768.8,25.2,10.1,16.2,42.5,15538.2,9.4,-0.2,56.4,8.096,5.4241802872900005,0.28119987597483215,0.5167307140955261,0.2020694099296418
429,16,France,23.0,30652.0,29.2,6.9,105.0,49.0,15914.4,10.4,0.1,52.3,5.223,4.85010039766,0.3031771041875556,0.5104843740951117,0.1863385217173326
430,16,Germany,19.5,36103.0,30.1,11.1,227.2,50.0,18269.7,4.6,0.1,40.8,9.694,4.6052705217800005,0.23870991246399104,0.5507972714059924,0.2104928161300165
431,16,Greece,20.5,20159.7,34.2,8.8,82.3,26.4,6676.4,24.9,-1.1,29.1,6.682,4.88889147951,0.24676043103317621,0.542446901750356,0.21079266721646772
432,16,Hungary,19.5,19744.6,28.2,6.2,106.0,25.8,8127.3,6.8,0.1,44.0,4.7810000000000015,3.60937289621,0.2600252422298055,0.5590948680533198,0.18087988971687474
433,16,Ireland,26.9,51868.7,29.8,12.6,67.0,70.2,15345.1,9.9,2.2,14.9,8.168,4.62173074113,0.3350095853684784,0.534259557401406,0.13073085723011563
434,16,Italy,18.0,27667.8,32.4,7.1,201.3,39.9,10925.3,11.9,0.1,42.4,6.002999999999999,4.11628091051,0.2348840451605742,0.5462078966045822,0.21890805823484355
435,16,Latvia,20.3,18508.2,35.4,5.7,30.8,21.6,8301.4,9.9,0.2,37.8,3.633,4.60180808502,0.25534164640988466,0.5495505244681868,0.19510782912192856
436,16,Lithuania,21.8,21735.2,37.9,6.9,44.7,25.4,9081.2,9.1,-0.7,42.6,4.482,5.3751790677999995,0.2727759989892978,0.5386395658937572,0.18858443511694506
437,16,Luxembourg,18.8,77413.0,28.5,18.0,217.7,71.7,37273.1,6.7,0.1,65.5,16.427,4.15174766291,0.28484124963790697,0.5731322583193617,0.14202649204273138
438,16,Malta,17.9,27024.2,28.1,5.0,1394.1,31.5,11327.6,5.4,1.2,12.4,4.1160000000000005,3.87200460015,0.2659889991371872,0.5507509167385677,0.18326008412424505
439,16,Netherlands,24.7,37758.1,26.7,11.5,406.8,50.9,18072.6,6.9,0.2,53.2,9.749,4.5718832453700005,0.2887125113430261,0.5314462449772502,0.1798412436797237
440,16,Poland,21.1,20082.3,30.6,10.1,121.5,23.3,7457.2,7.5,-0.7,35.6,8.118,2.79236028079,0.26742848114065204,0.5756840590427935,0.15688745981655441
441,16,Portugal,19.8,22300.6,34.0,6.7,112.5,26.9,9748.7,12.4,0.5,72.2,4.993,5.4525938269,0.24917991542446388,0.5458596662431003,0.2049604183324358
442,16,Romania,18.8,16283.3,37.4,5.9,83.4,21.2,5257.1,6.8,-0.4,25.1,3.925,2.95890176807,0.2654734899246387,0.5626682227457263,0.171858287329635
443,16,Slovakia,19.0,22292.8,23.7,7.5,110.6,30.4,8570.6,11.5,-0.3,34.0,6.218,2.97840465274,0.2726310805593567,0.5853268611206678,0.14204205831997554
444,16,Slovenia,19.6,23762.5,24.5,8.2,101.8,30.8,11565.4,9.0,-0.8,37.7,6.555,3.7253408647800006,0.24534729773999142,0.5730495092879587,0.18160319297204985
445,16,Spain,20.9,26292.0,34.6,7.2,91.8,38.7,12604.9,22.1,-0.6,57.9,5.857,4.10380775595,0.247749152203863,0.5661571869576967,0.1860936608384403
446,16,Sweden,25.8,36163.9,26.7,5.5,22.2,45.8,16938.0,7.4,0.7,47.6,4.44,5.08001797868,0.29476231038350426,0.508276860110946,0.1969608295055498
447,16,United Kingdom,23.0,31522.1,32.4,7.8,260.9,39.6,15437.5,5.3,2.2,39.6,6.357,4.6182433643600005,0.3016895636755328,0.5200019135017359,0.1783085228227314
448,17,Austria,19.7,37182.3,27.2,9.1,103.7,46.3,17900.9,6.0,1.0,35.5,7.747000000000001,3.85295405649,0.2596579406503919,0.5554612277376589,0.1848808316119492
449,17,Belgium,26.7,34161.6,26.3,10.4,368.8,53.7,16903.5,7.8,1.8,52.7,8.922,4.65859657327,0.28634479535359325,0.5301766600717315,0.18347854457467522
450,17,Bulgaria,17.5,14162.0,37.7,8.3,64.5,17.7,5925.9,7.6,-1.3,39.6,6.35,3.4113785271499997,0.2347714021518211,0.5594222808282416,0.20580631701993723
451,17,Croatia,18.8,17555.0,29.8,5.8,74.0,25.0,8157.4,13.1,-0.6,34.4,4.405,3.62866184519,0.2589320594510361,0.5470391200165275,0.1940288205324364
452,17,Cyprus,20.6,24200.3,32.1,10.3,91.7,29.8,10720.0,12.9,-1.2,30.6,6.042000000000002,3.7748451082,0.3010867088949483,0.5454987423111881,0.15341454879386351
453,17,Czech Republic,20.1,25546.2,25.1,12.3,133.8,28.8,10330.7,4.0,0.6,49.2,9.952,3.38525890939,0.25230567195774806,0.5621363095279782,0.18555801851427373
454,17,Denmark,26.4,36083.9,27.7,8.8,133.0,51.0,18902.6,6.2,2.2,56.0,6.5360000000000005,3.79330225634,0.2968069899294904,0.5138082811279027,0.18938472894260697
455,17,Estonia,22.1,21890.2,32.7,14.9,29.0,24.9,10802.2,6.8,0.8,51.3,12.184,5.03381040791,0.2619777761057797,0.5461984464098022,0.19182377748441812
456,17,Finland,26.0,31975.1,25.4,10.7,16.2,42.7,15415.2,8.8,0.4,55.4,8.262,5.38069334801,0.2788102350661583,0.5143697236767975,0.2068200412570442
457,17,France,23.1,30501.4,29.3,6.9,104.4,48.3,15877.5,10.1,0.3,55.0,5.134,4.8241510552800015,0.3013995075062809,0.5080560307789165,0.19054446171480252
458,17,Germany,19.5,36020.7,29.5,11.0,229.8,49.9,18310.2,4.1,0.4,39.6,9.696,4.609847596630001,0.2395572173728758,0.5490860939112446,0.21135668871587954
459,17,Greece,20.8,19698.2,34.3,8.5,81.9,25.6,6602.0,23.5,2.2,22.2,6.614,4.86334621388,0.24563113616397075,0.5403466657436253,0.21402219809240391
460,17,Hungary,19.1,19651.0,28.2,6.3,105.7,24.6,8383.8,5.1,0.4,37.7,4.893,3.63373087886,0.257650352429304,0.5576748581749078,0.18467478939578816
461,17,Ireland,27.3,52096.0,29.5,12.9,67.6,68.8,15725.8,8.4,-0.2,45.2,8.437000000000001,4.5968161829500005,0.3333499462498549,0.5330069210671969,0.13364313268294817
462,17,Italy,17.9,28246.6,33.1,7.1,200.8,40.1,11228.6,11.7,-0.1,48.7,5.928,4.11100907594,0.23320714197352688,0.5449603067914726,0.22183255123500062
463,17,Latvia,20.4,18830.7,34.5,5.8,30.5,21.9,8743.9,9.6,0.1,46.6,3.8,4.61577751884,0.25306220139645164,0.5493157060490789,0.19762209255446947
464,17,Lithuania,21.6,21977.8,37.0,7.0,44.2,24.6,9621.9,7.9,0.7,41.6,4.578,5.38755722857,0.2683676674802919,0.5400987297754402,0.19153360274426798
465,17,Luxembourg,18.7,75169.4,31.0,17.2,222.1,69.3,36941.6,6.3,2.2,65.9,16.467,4.1592411493100006,0.2825099964179145,0.5751595227770931,0.1423304808049923
466,17,Malta,17.6,27498.3,28.5,4.2,1425.4,30.5,11537.1,4.7,0.9,12.2,4.165,3.88650971996,0.2609457592800406,0.5525025309700697,0.18655170974988966
467,17,Netherlands,24.4,37496.6,26.9,11.5,454.3,49.9,18029.3,6.0,0.1,51.2,9.897,4.58190749477,0.2867786481472217,0.5298727281396305,0.18334862371314778
468,17,Poland,20.9,20151.4,29.8,10.4,121.7,23.2,7710.5,6.2,-0.2,32.8,8.406,2.79283254199,0.2633398163312131,0.5741226356915475,0.16253754797723935
469,17,Portugal,19.5,22563.8,33.9,6.5,112.1,26.7,9966.0,11.1,0.6,69.0,4.902,5.38710440222,0.24722714317978525,0.5437038494779696,0.20906900734224515
470,17,Romania,18.4,17076.1,34.7,5.7,82.9,22.1,5873.8,5.9,-1.1,22.9,3.966,2.9786281746800003,0.26416252704166165,0.5599436293999498,0.17589384355838855
471,17,Slovakia,18.6,22417.9,24.3,7.6,110.7,30.1,8815.7,9.7,-0.5,31.1,6.2810000000000015,2.98388770288,0.26871865447423116,0.5841026338849956,0.1471787116407733
472,17,Slovenia,19.9,24083.2,24.4,8.6,101.8,31.4,11863.4,8.0,-0.2,38.0,6.722,3.72560978625,0.24453679657033775,0.5688980810569078,0.18656512237275447
473,17,Spain,20.9,26719.6,34.5,7.0,91.8,38.4,12728.9,19.6,-0.3,56.0,5.621,4.11957001682,0.24719013380585655,0.564392756192746,0.18841711000139746
474,17,Sweden,26.0,35992.4,27.6,5.3,22.0,45.0,16874.6,7.0,1.1,45.1,4.581,5.05643241822,0.29360070042726627,0.5086743176467482,0.19772498192598553
475,17,United Kingdom,21.65,31485.4,31.5,7.4,267.5,38.9,15401.3,4.8,0.7,45.2,5.933,4.6182886322400005,0.3002040614955948,0.5198409750569388,0.1799549634474663
